4.9340,-7.1502,-5.5380,0.4872,-9.6138,-11.1405,-10.0174,-3.8315,8.3738,9.2192,5.7369
-1.7376,5.1007,0.3718,-4.3653,-2.9541,9.7084,-5.4246,-5.5185,3.7074,-3.5648,-2.0082
3.8932,-7.0373,-5.7080,0.3484,-9.3072,-9.1065,-9.1968,-4.1472,8.0432,5.7852,6.6537
0.9417,-1.6325,6.9623,7.7725,-8.7003,-2.6056,-0.6581,5.0081,2.7816,1.6472,-4.4901
5.5162,-7.5925,-2.5653,-0.8144,-7.0364,-7.9563,-8.6577,-4.9729,8.6556,6.5412,5.5101
0.1455,-1.1941,8.0981,6.8275,-9.2326,-2.6230,-2.3903,4.6702,2.1565,0.2329,-2.6122
-1.6451,-7.2245,-5.7172,4.9389,-2.6275,-1.9488,6.7803,8.7652,6.1188,-2.1104,-3.1058
-2.0959,6.2559,-4.4164,-6.9249,-7.0636,1.0654,-2.7292,-3.1428,-10.8219,0.3404,4.3031
-0.0863,7.3628,-5.2583,-8.9933,-6.5018,1.4845,-2.6834,-4.0191,-9.7302,0.6000,4.3432
-2.0861,-5.6818,-4.7453,6.5789,-1.0771,-4.3198,4.4383,6.3905,5.9631,-2.4660,-0.8633
-0.1544,5.9155,-5.7464,-7.1303,-7.9594,0.6647,-4.9562,-3.4292,-9.1464,1.3338,3.9289
-3.2130,4.4651,-1.3279,-9.2321,-5.2404,0.6195,-10.1607,-4.7912,7.7543,-6.2371,-3.3323
-3.2776,-7.7287,-6.5318,6.1369,-1.2713,-2.1127,3.9677,8.5220,5.9733,-2.6812,-3.0508
-1.6189,4.2038,0.1537,-4.0807,-0.7580,9.0628,-4.5935,-4.1767,4.3394,-1.8273,-0.1951
-1.7371,-7.4022,-5.8535,4.6540,-2.2577,-1.8142,3.8953,6.8786,6.2235,-2.3795,-1.1707
-1.1922,4.2592,-1.9097,-9.2818,-6.5061,-1.7310,-7.2621,-5.2539,10.4287,-3.4034,-5.9966
-0.4754,-0.5943,6.2459,7.9059,-7.8220,-3.7732,-2.8234,3.7438,2.5552,2.0616,-2.0403
-2.0911,5.7153,1.8967,-5.5493,-3.7426,9.4316,-7.5503,-5.2243,4.7317,0.3149,-1.6489
-2.4573,5.3439,-0.6568,-4.9255,-3.5565,8.5124,-4.1859,-6.3420,2.3175,-2.4946,-1.4701
-3.2644,7.5585,0.8024,-3.3117,-5.5559,9.8212,-6.2373,-6.7080,5.0239,-3.2643,-1.4029
0.9679,0.7661,6.6412,8.1342,-8.2310,-3.3593,-0.3067,3.6703,3.2068,1.6717,-2.0942
0.3530,0.6426,6.4356,5.1644,-7.9760,-4.6536,-1.1476,4.4419,3.8711,2.0628,-2.9387
-1.4053,7.2936,1.2502,-4.7319,-4.2299,9.0290,-6.5362,-5.0410,3.8398,-0.6510,-2.1929
-0.7756,-7.4729,-6.9212,4.2566,-2.8352,-1.0221,4.7439,7.3866,5.1538,-0.6078,0.9663
5.2914,-7.8580,-5.0374,0.8198,-11.1536,-8.5103,-7.9938,-3.4851,8.1688,6.1504,5.7527
-4.6197,9.3055,5.5105,11.4547,-5.2900,-6.9727,6.1582,-7.8814,-8.2634,0.7616,-8.5231
-5.9269,9.0792,4.6998,9.7822,-6.4891,-4.9765,8.5987,-8.3619,-8.2431,2.7725,-8.7871
-2.7699,9.3756,5.1315,10.9011,-4.8331,-5.6563,7.1777,-8.9843,-8.5405,1.8569,-8.7722
-1.9187,7.1635,-0.1515,-3.0266,-2.2948,10.3582,-8.4362,-5.0187,2.9276,-2.9975,0.6127
-1.8588,8.0468,-6.0036,-10.5200,-8.1431,-1.0894,-3.5845,-4.5050,-9.6527,1.7431,5.0563
-0.7644,-0.9620,8.0877,6.2836,-8.1044,-2.8638,-2.3292,3.2849,4.3895,0.5678,-2.5714
3.3316,-7.6011,-4.6762,0.5145,-8.9386,-6.7313,-6.0131,-4.2133,7.6047,6.5339,5.3471
1.8403,-7.7832,-4.1427,-0.4079,-9.3445,-6.9086,-8.8117,-4.2058,9.0306,8.6830,4.2301
3.2614,-7.5293,-4.4050,0.4316,-8.5339,-8.2289,-7.6634,-2.8387,6.5565,4.1043,4.9480
0.7620,4.6098,2.4663,-5.0128,-1.9034,10.4181,-5.5029,-3.3348,3.1334,-1.4358,-0.0652
-2.0009,6.8775,1.9141,-3.4654,-3.3251,9.9222,-6.2098,-5.2785,2.1808,-2.4840,1.0010
-1.3268,3.9823,0.0124,-4.7860,-5.1178,11.2804,-7.0202,-4.4865,3.6004,-2.4059,-1.4301
3.6564,-10.0284,-7.2909,-0.2869,-9.0431,-7.7344,-10.3787,-2.3016,8.2128,6.7133,6.9782
2.0408,-6.6005,-5.2756,1.2049,-8.8719,-8.3638,-7.9017,-5.7486,7.5756,5.4072,4.9708
2.8525,-8.4611,-5.5511,0.7803,-8.3259,-8.4066,-7.6260,-3.2334,9.5556,6.5211,4.4463
-1.9208,-8.4358,-5.5575,5.4302,-3.4105,-4.3939,4.0727,8.3634,4.6804,-3.3067,0.2565
-0.8126,7.2712,-5.8250,-9.3240,-8.4087,-0.3601,-3.3570,-4.0538,-9.1096,1.0088,4.6286
1.2802,-9.8975,-7.1304,0.0182,-9.7086,-6.5462,-8.1997,-2.6387,9.6517,4.9542,7.0502
-0.1738,-2.7845,6.1112,7.0521,-9.0745,-3.8922,-1.8594,2.3840,2.1944,0.3651,-4.4784
1.6147,-0.2469,6.9355,6.1037,-7.2473,-2.8770,-2.9530,4.2107,3.6922,0.1460,-2.9136
-2.4078,-8.0347,-7.0545,6.0917,-3.5801,-2.7846,3.3759,8.1241,5.5197,-3.3230,-1.1103
1.4674,1.4160,6.6396,6.7717,-9.5121,-3.1439,-1.6559,2.3702,3.0107,-0.5620,-3.3547
-1.7012,8.0093,-0.3939,-5.9534,-3.0995,8.5893,-5.7599,-6.0365,2.4804,-2.3442,0.8082
-2.8638,3.0063,-1.3029,-10.1148,-7.2948,-2.4356,-8.6655,-3.3275,7.6890,-5.2569,-4.4182
-2.7841,-5.1070,-5.9413,6.1799,-3.1901,-4.0481,4.0435,4.4487,2.0794,-2.7106,-1.5351
0.4306,8.0034,-5.8494,-7.6504,-6.2242,1.3303,-3.5361,-4.3103,-9.1104,0.9187,3.3515
0.6267,-1.2181,8.3799,6.9916,-7.9987,-2.4812,-0.8377,2.8009,2.5010,-0.1949,-2.2100
-2.6939,3.0092,-1.1462,-9.0968,-6.2725,-1.0681,-7.8834,-2.4673,8.7798,-2.7772,-5.1694
-2.4234,-5.5482,-6.2201,6.7381,-4.6695,-3.7175,6.0762,6.9883,5.4233,-1.4435,-1.7653
-2.1917,3.7403,-1.0530,-7.9989,-5.9751,-1.4820,-7.5181,-5.9751,8.2596,-5.1178,-3.7273
-1.8439,-6.0068,-5.9791,5.8293,-3.2416,-1.3931,3.3684,7.7817,5.3774,-0.3368,-1.6575
-1.4361,3.4516,-0.2088,-8.8008,-6.3691,0.6762,-8.4136,-4.1540,8.7007,-6.6495,-4.7708
1.6115,-0.2954,6.5928,6.7368,-7.0753,-4.4120,-0.6300,2.7600,1.5174,-0.4562,-3.4717
1.3695,0.1782,7.2083,7.8248,-7.6184,-2.1548,-0.3731,2.1452,3.2563,0.8410,-2.2096
-2.0955,-7.4964,-5.8949,4.9664,-3.6324,-1.8462,4.7024,6.4232,5.1200,-0.2516,-1.0717
-2.0104,6.7439,1.8337,-5.5166,-1.6949,10.4554,-5.6077,-5.1819,2.3358,-1.7840,-0.7161
-2.2486,6.4683,-0.2267,-4.6147,-2.1250,9.1880,-5.9390,-4.2858,6.1052,-3.5203,-1.2136
-3.5521,8.7509,6.1521,10.3236,-7.4862,-6.9875,7.8760,-10.6063,-7.8732,3.4073,-8.1736
-1.1847,7.1931,-5.2196,-7.5797,-8.4780,-0.0843,-3.6655,-3.7866,-10.9387,0.6578,2.9815
0.9263,-1.4077,7.1874,6.7999,-9.6453,-2.5468,-1.4953,2.7018,2.0255,-0.8000,-2.3899
-1.0872,9.1422,-3.7369,-6.8283,-8.5179,-1.0704,-3.3264,-3.7681,-10.3659,1.7182,3.8825
-1.4805,6.2565,-2.6213,-6.8498,-4.2500,-1.0025,-3.0166,-3.4448,-9.7108,1.9134,4.7789
0.1730,-0.3757,8.2057,6.6869,-8.4839,-6.4469,-1.7344,2.4547,3.5547,-0.4986,-2.6809
-0.9590,2.6834,-2.4813,-7.1861,-5.7796,-0.3029,-10.8090,-3.9738,8.7851,-3.1227,-3.8636
-1.9155,-6.2929,-6.5187,7.1245,-3.3045,-1.4605,3.9162,6.1307,4.5210,-1.9414,-2.2206
-2.2712,5.9755,1.3870,-5.6731,-3.2497,9.8455,-6.4977,-4.5933,4.5253,-4.0977,-1.4953
-4.5688,7.5355,4.2477,10.5942,-5.0378,-7.4243,7.6328,-8.8210,-7.6460,1.4266,-8.5468
3.0113,-0.6812,6.0187,5.6280,-8.7643,-3.1648,-2.2847,3.4427,2.6981,-1.1419,-1.7945
1.3217,-0.5079,7.0874,7.3362,-8.8977,-2.7185,-2.9875,4.4991,2.1829,-0.6251,-3.2280
-1.4916,4.7967,-0.2735,-4.6074,-4.4303,10.2104,-5.0367,-6.0263,4.3395,-1.9602,-0.8743
-3.1350,1.2101,-1.7390,-8.0853,-5.4976,-0.9414,-8.8077,-3.3262,8.6391,-5.0995,-6.2403
-0.1052,6.4226,-6.2160,-8.0594,-7.8861,0.5985,-4.1991,-6.0885,-10.1338,-0.8956,5.0961
1.3476,-1.1669,8.6786,6.4064,-9.6700,-3.7676,-1.5038,2.4978,1.2487,0.5249,-2.2961
-1.7797,4.0070,-0.6138,-10.4295,-6.3407,-0.8213,-9.3459,-4.3440,8.9402,-2.5969,-4.6925
-4.0756,9.3775,5.8661,10.2815,-5.5033,-9.1456,8.8331,-8.0722,-8.7263,0.1995,-8.6680
-2.3314,5.7725,-0.6027,-5.6656,-2.3606,8.5950,-8.4601,-6.4073,5.0301,-2.0492,-0.0983
-3.2645,6.2175,5.0878,9.0845,-5.2073,-5.1905,8.9767,-9.7024,-8.1650,-1.2748,-7.3045
0.3001,-0.8008,7.0044,8.5079,-7.9940,-3.0812,-0.9899,3.5222,4.3995,2.0510,-3.7748
2.6555,7.3531,-3.4060,-9.7896,-9.0749,0.9344,-3.7758,-5.9060,-10.8187,1.4590,3.7594
0.5807,-2.4336,7.0936,5.9888,-8.1307,-3.6700,-0.1234,3.3692,3.2023,-0.8259,-2.9231
-1.3505,9.1305,-4.1229,-7.8183,-7.9538,1.6266,-4.2699,-4.8929,-10.7501,1.2987,7.4355
-1.9519,-7.4219,-7.1273,5.6439,-3.2667,-3.0330,5.5596,7.1623,4.5052,-1.2024,-3.1868
-5.2170,8.7858,5.7737,9.9962,-6.1399,-4.7789,7.1367,-7.9838,-7.1501,-0.0020,-8.2361
-0.9880,-6.7488,-4.9512,5.0410,-3.0506,-1.2854,6.1915,6.4602,3.8325,-1.6288,-1.1408
-1.0533,6.0848,-0.0504,-3.5087,-4.0914,7.3781,-6.3217,-6.1812,3.8707,-1.2593,-1.8698
0.8341,0.6375,8.6745,7.7785,-9.6767,-4.9728,0.2856,3.8877,2.1092,0.0433,-4.1702
-3.9362,9.8753,6.9130,10.4144,-5.7069,-6.9977,8.2111,-8.3736,-9.5354,0.4669,-9.2415
-5.9059,8.9049,5.7837,8.6451,-6.2495,-8.5963,7.9902,-8.1702,-8.3432,-1.6679,-7.6274
-3.1783,2.6661,-2.1519,-7.9014,-5.0306,-1.4803,-8.1242,-4.2007,9.9120,-3.1631,-3.7628
-5.4968,8.5104,6.7658,9.6446,-5.7794,-7.8960,9.6502,-8.2185,-7.4402,0.6765,-8.0164
-3.5411,9.9837,6.3077,9.5015,-6.6339,-9.4702,9.1125,-7.5985,-6.9413,0.8748,-6.6106
-1.0004,-5.2796,-5.8572,5.9853,-5.6000,-2.6026,3.3370,6.1422,5.7999,-3.6493,-2.0183
-2.5623,7.2155,1.0966,-4.7971,-3.4708,10.3878,-6.7784,-2.6597,2.7397,-1.0467,0.3633
-3.4264,3.5349,-1.6129,-7.5726,-5.9836,-0.9664,-8.1995,-2.2408,8.6852,-5.1209,-4.2309
-0.7594,6.4649,-2.7523,-7.7390,-5.3301,-1.5391,-3.2687,-4.5259,-10.5972,0.4471,5.7711
-4.8844,9.6928,6.5977,9.3820,-4.2571,-9.5265,8.1270,-8.9168,-10.4509,0.4833,-9.5448
-1.4049,-7.3377,-5.7433,6.7780,-2.5924,-2.4316,6.0159,5.9057,5.9699,-0.8874,-2.2446
-4.5269,7.5196,5.9111,8.3075,-4.2547,-7.7445,8.3521,-8.3812,-8.8250,-0.1979,-8.7992
3.4657,-8.2667,-6.7946,-1.1336,-8.2246,-9.9357,-10.2941,-2.7762,7.7784,7.7021,6.3346
-0.4445,10.1945,-4.0610,-8.4974,-8.1842,1.6510,-4.2802,-4.8243,-9.9466,0.9091,5.1400
-4.1037,9.2473,6.3292,10.6085,-4.4830,-5.9083,9.5220,-12.4907,-7.7627,1.4519,-9.7602
0.7713,-0.9731,7.0968,4.9060,-10.1181,-4.0523,-2.3830,0.4099,2.3874,-0.1652,-4.4207
-3.3564,10.0837,5.9059,9.4905,-5.0275,-7.8969,7.9823,-6.6110,-6.2170,1.2540,-7.3096
-1.5325,-9.7008,-5.2826,5.5611,-2.7621,-0.8716,5.0700,9.3881,5.0408,-1.2134,-3.0554
-2.8300,9.9379,4.5527,9.7984,-4.5428,-7.5899,8.7307,-8.3335,-6.7790,-0.0653,-9.2542
2.1002,-0.0411,7.3113,8.0014,-8.0364,-3.1361,-0.8378,4.3013,2.2493,0.7836,-3.7883
3.0351,-1.0369,7.5542,9.0831,-8.1558,-2.3683,-2.6412,4.6849,2.0306,0.7824,-3.3644
4.4126,-7.5939,-6.0690,-0.2605,-7.2534,-8.7741,-6.8248,-1.6234,8.4179,6.3687,3.5890
-3.3479,-6.2632,-5.2245,3.3423,-3.4449,-0.8564,6.3207,6.6090,4.2588,-4.2225,-1.9536
-0.1245,6.4334,-3.6906,-8.0640,-7.9358,-0.8965,-4.9734,-3.8265,-9.3350,0.2518,7.6993
-3.6749,-6.7356,-6.2019,5.7340,-1.1451,-2.6545,5.1042,8.6237,4.0319,-1.8803,-0.8064
3.4438,-8.5249,-8.0898,0.7993,-8.4729,-9.8885,-9.4037,-4.8805,8.1521,8.0271,5.8573
0.4077,-0.2885,9.9017,4.9383,-9.7160,-4.0636,-0.7824,3.3019,2.6008,0.1277,-3.8044
-4.2549,10.0380,5.9843,11.1033,-6.9114,-7.5038,7.9818,-8.4064,-8.9154,1.2100,-7.6528
-2.7746,3.0164,-0.8473,-9.0606,-3.9618,-0.8941,-8.0496,-5.4648,7.5952,-4.9827,-3.3212
-3.7600,10.4228,3.2101,9.4315,-4.0256,-7.9223,7.6792,-9.9655,-6.4202,1.8331,-7.9474
-3.7175,-7.3917,-6.9893,6.2793,-4.1648,-1.1507,7.2056,8.4641,3.4036,-2.6845,-2.5346
-4.1726,9.3767,4.9917,10.3950,-5.8532,-7.5706,8.1208,-7.3244,-8.9792,0.3623,-8.5871
1.1229,-1.5889,6.1928,6.2121,-7.4798,-5.6555,-0.5358,3.7150,3.2271,0.9430,-3.0281
-2.0077,-7.8273,-6.3102,5.9833,-3.3524,-2.8299,4.8851,8.6234,4.9639,-3.3399,-1.8896
4.5669,-8.6301,-6.4620,0.6099,-8.9343,-9.3470,-6.4619,-2.6803,7.7674,6.8895,7.1017
0.4240,-0.1801,7.1691,6.4573,-7.9783,-4.1753,-0.8299,2.2683,3.1627,0.3674,-1.8349
-4.2118,8.4549,5.5121,10.2021,-5.4439,-6.6706,8.5686,-8.0337,-8.0061,2.1330,-7.6638
-0.3752,-5.4431,-7.7953,5.2542,-2.3137,-2.0478,5.3550,7.2535,4.4586,-1.7031,-1.0018
-2.6682,9.4355,5.5530,10.4705,-6.4225,-7.5143,8.7705,-9.8595,-8.1135,-0.3568,-8.0657
3.8305,-6.9521,-3.6233,-1.1821,-9.4011,-7.6433,-8.7985,-5.1187,7.7939,6.7489,4.7155
0.1843,6.0839,-5.9435,-8.7022,-5.6250,-0.4865,-5.0865,-2.3027,-10.9392,-0.4031,6.2331
1.3709,5.0015,-5.1273,-7.7052,-9.1393,0.2730,-2.6208,-3.9219,-11.0816,2.1015,5.0260
-1.5605,-6.9753,-6.9851,4.0855,-3.1057,-1.4776,5.2204,6.2058,3.9396,-0.9528,-0.2509
-0.2749,7.0919,-0.7323,-5.4931,-2.7477,7.5281,-5.0081,-5.1944,3.6828,-4.8566,-1.6908
-0.7774,4.1084,-2.1007,-9.9416,-5.8615,-0.1194,-7.9687,-2.6652,8.4202,-5.1439,-4.2968
-2.5587,-7.2709,-4.6414,5.3290,-3.1613,-2.1681,3.6067,8.0314,5.4465,-2.2692,-1.6053
-1.1600,7.6332,-4.7622,-7.7018,-5.6683,1.0368,-4.4094,-4.1054,-8.4895,4.5851,6.1444
-0.5629,4.2569,-1.3331,-11.0958,-5.1079,-1.6297,-9.5701,-3.9144,8.8798,-1.9427,-3.8765
0.8010,-0.2390,7.6632,6.1654,-7.8525,-3.6608,-0.9781,2.1989,2.2368,0.8140,-4.4092
-2.3111,7.1280,2.7992,-3.9580,-1.7312,9.4999,-7.4781,-5.1629,3.1156,-1.3189,-1.6265
-2.6452,5.0722,-2.0910,-8.4543,-4.5415,-0.0155,-7.7870,-3.1026,8.1544,-5.6685,-4.9652
-4.5876,8.3562,4.6024,10.8337,-6.3086,-6.9707,8.1413,-8.7516,-6.7778,-0.0988,-8.0750
2.7149,-8.4764,-4.1288,0.5949,-7.8624,-8.1772,-9.0198,-1.6013,9.0438,4.7106,2.6123
-0.0001,7.3098,1.1880,-4.4427,-2.4268,8.4541,-7.4009,-6.4809,2.2901,-1.6438,-1.0663
-0.5075,7.3953,-3.9140,-8.7181,-6.8881,-0.8744,-3.7569,-5.9114,-10.0408,2.6277,2.6345
-2.0316,6.2922,-0.3842,-5.5064,-3.5916,10.3247,-6.5347,-3.0037,3.7277,-0.9061,0.1272
-3.0569,4.2541,-0.2507,-4.9294,-1.7177,10.4273,-4.9104,-4.7527,2.4143,-2.9825,-0.2823
-1.0563,-6.3200,-5.3500,4.5180,-1.7613,-0.2922,3.6734,7.0092,4.8070,-0.7536,-2.7757
-3.4177,1.5120,-0.5996,-10.6545,-6.5627,-2.2238,-8.2821,-1.8531,8.8159,-5.4485,-4.2625
-0.5517,7.6969,-4.4757,-8.7814,-6.7354,-1.2632,-2.7352,-4.6104,-10.3124,2.9604,4.8276
2.7960,-8.0036,-5.5616,0.7511,-8.6761,-7.5086,-9.3996,-1.8388,9.4331,5.0960,6.3473
-0.9375,8.5489,-2.9487,-8.1192,-5.8315,0.8830,-4.5643,-4.0411,-9.5263,1.9604,4.8162
2.8324,-7.0495,-4.7743,0.1115,-8.2392,-7.0060,-9.1651,-2.0838,7.5290,6.8660,3.0360
-0.1584,7.8808,-3.7946,-8.2235,-7.3726,-1.4144,-3.9266,-4.0272,-10.7931,2.0349,2.9621
-1.6386,5.1793,1.1856,-5.0582,-4.5858,10.6586,-7.8263,-4.7166,5.0580,-2.0742,-2.1260
-1.0449,3.0617,-1.5370,-8.2650,-5.2262,-3.2006,-9.0145,-5.9755,8.3889,-3.8160,-4.7230
-0.3201,4.6277,1.0106,-3.2681,-4.1926,7.4225,-6.7534,-5.5903,4.2651,-2.9306,-0.3665
0.1928,6.5748,-5.5964,-8.5718,-6.7151,-0.3517,-4.6824,-4.7800,-9.7014,3.7893,4.9937
2.0871,-9.2904,-4.7487,1.4798,-8.4981,-6.9542,-8.5018,-2.7235,8.4029,7.8124,6.8496
4.7624,-7.5869,-5.5212,-0.4450,-8.4483,-7.5376,-8.0023,-1.7050,8.3673,6.3513,4.9299
-3.4311,2.7997,-0.0078,-7.7077,-5.6364,-1.7543,-9.0662,-4.8374,8.8654,-5.4035,-4.8498
-3.2992,4.0315,-0.0500,-8.5212,-5.2564,-0.3350,-8.6603,-4.2419,8.9776,-6.0501,-2.9663
-0.8157,6.2005,-2.9600,-7.5063,-6.6642,0.1208,-3.3004,-3.6223,-8.4720,2.2175,3.7899
-0.6526,-0.7843,8.1136,7.1874,-9.7013,-4.4197,1.2877,3.0216,0.9692,0.8398,-1.8281
3.5417,-9.9147,-5.0821,0.4882,-9.9672,-7.4504,-7.6790,-2.9142,7.1270,6.7794,3.4702
-1.3007,-7.4270,-6.6298,6.2388,-4.5239,-3.2965,5.5281,6.8548,5.9883,-3.7371,-0.7492
-6.3112,9.3908,4.9463,8.0048,-5.6892,-8.1548,8.9175,-8.1538,-8.9379,0.1672,-8.8953
-3.5849,3.2215,-1.6515,-8.3044,-6.1922,-2.3704,-8.5121,-5.4311,8.1034,-4.6639,-4.3849
3.9607,-7.4950,-2.9751,0.4466,-8.3383,-8.1069,-8.9610,-3.2093,10.7938,8.4430,4.2089
1.0510,0.4361,6.7329,5.0437,-6.7836,-2.6308,-1.3734,3.1785,2.5856,0.9012,-2.0928
-2.5263,3.0401,-2.3969,-7.6672,-7.4595,-0.8548,-9.3427,-5.5212,8.5626,-3.6952,-4.0229
-4.4100,7.7110,6.0793,7.6903,-4.5352,-6.7182,6.8485,-9.1531,-8.6739,2.4130,-7.8327
-1.4525,9.1397,-4.8226,-9.6615,-7.8812,1.3522,-5.0308,-5.6122,-10.3712,1.7255,4.9546
4.2136,-7.7564,-6.3029,-0.2652,-7.4355,-8.7660,-8.8409,-3.6126,8.2151,6.2992,4.4520
-2.1177,6.4232,-0.6903,-5.2390,-2.6055,9.8552,-5.8794,-4.3975,5.2457,-1.2954,-0.3048
-1.3760,6.5664,-3.4836,-7.1159,-7.1282,0.6008,-3.3504,-2.9849,-10.4490,0.7216,3.5349
-1.1349,6.7875,-0.3858,-4.1998,-3.9417,11.4901,-6.5074,-4.2535,5.1121,-2.8250,0.4451
0.6039,0.1002,7.7455,5.6179,-9.6964,-3.4985,-1.0826,3.7342,4.4798,1.3689,-4.8324
-5.0485,10.4544,5.5042,10.5971,-4.3470,-9.1527,7.7245,-7.8383,-9.8023,0.7996,-8.0826
1.8712,-1.0482,5.7343,5.6261,-7.8081,-2.6247,-0.8756,3.3988,1.4024,-0.9224,-1.6199
-0.9685,5.6757,-0.0136,-4.2084,-2.7763,10.6886,-6.5997,-5.0822,3.0903,-1.3390,0.0146
-1.7526,8.2121,1.0827,-4.7651,-3.3469,9.1441,-5.7380,-5.2330,3.7124,-1.4369,-0.6103
1.3288,7.9064,-5.2765,-8.0458,-8.6423,0.5634,-2.9362,-5.8687,-9.1853,2.4145,3.1399
-0.9585,-7.4076,-6.5470,6.5191,-2.9136,-1.8976,5.5836,5.8992,4.3273,-0.9553,-1.9033
-0.0610,7.7928,-5.0131,-9.0167,-5.4622,-2.4966,-4.3183,-3.9807,-8.7729,2.7895,6.9164
-2.9964,8.9851,-1.4166,-2.9331,-4.4208,9.6590,-5.5462,-5.2307,4.4342,-1.9753,-2.5393
1.4467,-1.3110,6.0178,9.1555,-8.0720,-3.8769,-2.1434,2.4845,2.4744,0.9590,-2.5716
2.4723,0.0355,7.6139,7.5087,-9.1481,-1.3492,-0.4681,4.5778,3.0323,1.8105,-3.0846
-4.9030,10.0125,5.0769,11.0171,-7.8422,-8.8967,9.1036,-9.3454,-9.7714,1.4928,-8.0289
2.3075,-0.9963,7.1059,6.1816,-9.5411,-4.7265,-2.1372,1.7915,2.0791,-0.8207,-1.2061
-2.5149,-6.2717,-4.6612,5.3001,-4.0568,-1.2672,5.2112,5.9482,5.3386,-2.5547,-1.3212
2.4022,-2.4409,5.8879,7.5210,-8.5849,-2.5173,-2.5361,1.7447,3.2718,-0.4070,-3.4478
4.4720,-8.0968,-6.4592,-0.6742,-6.1973,-8.9605,-8.0161,-3.9727,7.4823,8.2019,7.4444
-1.6669,-6.4304,-4.8920,4.6898,-2.2465,-0.7223,5.7761,6.6572,5.6019,-2.1275,-1.9325
-0.8829,-7.5696,-4.9370,4.8407,-3.7197,-2.5355,6.0885,8.3808,4.5001,-2.2963,-2.3001
-0.1088,6.8393,-4.7163,-6.1093,-4.0746,0.6871,-4.3132,-4.0417,-8.3580,2.9140,4.4194
-3.6747,9.9744,4.3555,9.5765,-6.5228,-8.0780,8.8608,-8.2349,-7.9236,0.8120,-9.5026
-1.8202,6.5432,-6.7836,-7.2961,-7.1630,-0.2959,-4.2746,-4.9823,-9.5377,1.9396,2.0409
0.1847,-1.1279,7.4625,6.4491,-8.9871,-2.9574,-2.1501,1.8110,2.7133,1.7190,-3.7846
0.2428,-0.3672,7.7036,7.9491,-8.8680,-3.6655,-1.0121,3.6925,0.8055,0.2099,-3.1598
1.1788,-0.2741,6.3370,6.0204,-11.1616,-4.5851,-2.3329,1.8160,0.9849,0.4838,-2.7975
-0.7694,-6.3937,-4.9243,5.5021,-3.8862,-3.1515,5.5054,5.8229,3.0055,-2.7981,-1.9084
3.3007,-7.8881,-5.9211,-0.3782,-8.4707,-6.4045,-8.9853,-4.5438,7.3036,6.5614,6.4187
2.5172,-1.1913,6.7843,8.1713,-9.7468,-4.4690,0.2339,2.5158,4.2462,-0.4423,-2.5813
2.9063,-8.0886,-4.9470,-0.1700,-9.3522,-8.1418,-9.2363,-3.5326,6.9772,5.6024,7.1274
-3.4457,3.2298,-0.8139,-8.8596,-7.2714,-0.0034,-8.8043,-3.5903,9.9002,-4.9843,-4.7399
-4.0035,10.7293,5.1295,10.2482,-4.4901,-5.2903,8.3183,-9.0182,-8.0600,0.2825,-8.7764
-2.7304,3.4453,-0.2404,-9.1584,-5.1150,-0.3021,-9.0420,-4.5008,10.2884,-2.9959,-4.0658
-3.8589,9.1949,5.1950,8.8668,-6.8748,-6.8700,7.5771,-8.0031,-9.0384,1.3923,-7.2966
-1.3650,-6.8601,-4.6878,5.9537,-2.3424,-2.7338,4.7637,6.7343,4.2985,-1.7421,0.5102
-4.2510,6.5368,5.5702,9.4919,-4.9045,-6.1030,7.7624,-8.4888,-8.4720,0.0693,-9.3798
-2.3635,7.1316,-2.4048,-8.7267,-5.7890,0.8964,-5.7610,-5.1680,-8.0879,4.0857,5.0304
-2.8723,2.5920,-1.6728,-8.0016,-4.4695,-1.0390,-10.3911,-0.3854,10.0974,-3.6817,-3.1447
-1.1558,-7.3751,-5.7071,6.4284,-3.5808,-2.5891,5.7153,6.0632,2.3876,-2.0343,-1.1162
1.6430,-1.5902,6.1228,8.6163,-10.5565,-3.1917,2.0919,1.3705,1.4752,1.6937,-2.1041
-1.4530,7.7987,-0.2934,-5.7519,-4.5314,8.4987,-7.3712,-7.0776,2.5394,-2.3421,-2.5346
-3.1009,8.5056,4.4076,10.0514,-4.6269,-7.5554,8.5088,-8.7932,-8.5842,1.3604,-8.0453
-3.5941,4.2179,-1.8982,-9.8570,-6.6844,-1.6206,-9.0543,-4.2021,9.6648,-4.6291,-5.0687
-2.7074,-6.9670,-6.2668,5.0176,-3.1315,-2.6330,5.4232,5.9075,5.7869,-1.1809,-1.2978
-0.5919,6.3514,-6.3371,-8.8528,-7.3358,0.1523,-2.7836,-3.0672,-8.7825,1.2009,3.1420
3.5655,-8.1059,-7.3919,-0.6159,-10.0114,-7.9596,-9.2419,-3.0487,9.1963,6.5010,6.3050
-2.0431,-7.8160,-6.1881,5.1589,-1.6635,-1.4506,3.6702,7.7822,6.0864,-2.5834,-1.7996
4.7249,-8.8828,-4.0446,-0.9085,-9.7260,-8.1755,-7.3047,-3.6185,8.9664,7.6198,3.0194
-0.0144,8.9352,-4.0542,-9.5764,-6.8960,1.1226,-1.7256,-4.3387,-8.3598,1.6624,4.9782
-5.8666,8.9281,3.9188,9.2811,-5.6043,-7.8286,8.4422,-8.9795,-9.5482,1.2052,-8.0400
-1.9263,2.6003,-0.5658,-8.5577,-7.0573,-2.3477,-9.5068,-5.2090,7.9943,-6.0351,-4.6961
-1.1272,8.3224,-2.3416,-3.9528,-3.6367,10.4733,-5.4237,-6.1481,4.0585,-4.4279,-1.3964
-0.5358,-1.9800,8.4007,5.2471,-8.2333,-3.4655,-1.2236,3.6616,1.9192,0.5352,-3.4670
-2.5080,6.5915,0.6935,-5.8116,-4.1908,10.9014,-7.2429,-4.3526,5.2235,-2.6905,0.5433
2.2002,-0.8479,7.8887,5.4241,-8.2624,-2.5994,-1.6872,3.7973,3.0913,0.8597,-1.4270
-4.4015,9.5932,4.3733,10.2653,-4.9796,-6.8725,8.2777,-8.5969,-7.9253,-0.2456,-9.3669
-1.8194,-6.9297,-7.3395,5.6928,-1.3904,-1.2262,5.3150,6.3020,4.8380,-2.7423,-0.0149
3.7028,-9.8779,-3.0296,1.8188,-9.6905,-6.9980,-10.3832,-2.5650,6.6041,8.4745,4.2814
0.3426,6.5758,0.1652,-3.9178,-3.8024,9.7303,-6.1007,-5.6702,3.1265,-1.8349,0.4603
-5.5347,9.2256,6.3608,10.2344,-5.5537,-8.1096,9.5006,-8.7125,-8.5544,1.5713,-9.2232
1.5017,-1.7539,8.4406,5.7343,-8.1731,-4.0878,-2.2601,3.6184,2.2810,-0.5285,-3.0723
-5.9483,7.9639,7.0577,10.5673,-4.9044,-6.4700,6.1993,-7.6881,-9.1867,0.9501,-7.9705
2.1672,-0.0734,8.6514,5.4596,-8.4131,-2.5099,-1.7075,2.9956,3.0212,1.2479,-3.6834
-1.9236,-7.3028,-4.6372,5.8823,-1.6014,-2.1541,5.0807,9.5968,4.4722,-0.9910,-1.6825
-0.2775,7.0061,-4.0642,-7.0947,-7.1009,0.6750,-4.5728,-4.7545,-9.8930,1.1085,5.6368
-5.6112,7.5744,5.6679,10.4023,-4.5511,-8.4657,8.3403,-8.2136,-9.7017,0.6308,-9.4305
1.5181,-9.7322,-5.1342,0.1748,-8.4649,-9.1225,-9.5002,-3.5207,8.1054,7.3510,5.7450
-1.4347,6.5835,1.3025,-4.4336,-3.8801,8.6092,-6.5232,-6.4316,4.2527,-1.4294,0.4916
-1.7090,4.4098,-0.2852,-9.9677,-6.0860,-2.0290,-6.8683,-4.4997,9.9544,-3.8291,-3.6317
-2.5230,4.2981,-2.0680,-9.4870,-5.7938,-0.6422,-13.1780,-2.1654,8.7844,-4.8548,-4.4371
-1.3897,6.1086,0.1194,-5.3752,-4.5976,9.7686,-5.3184,-4.7565,1.9111,-2.6975,-0.3637
-2.0359,-5.7786,-6.6899,5.0848,-2.7753,-0.9254,5.9106,7.9502,4.8793,-1.8517,-2.3193
0.7854,-4.0905,7.5529,4.5533,-9.3985,-4.4398,-1.2938,4.2529,3.8774,-0.4061,-2.9860
3.9059,-7.9574,-4.8394,0.0433,-8.6975,-10.7372,-6.6744,-2.7518,6.7666,9.0366,3.8949
-1.2471,2.6097,-1.0979,-8.3436,-7.3827,-1.9459,-7.9368,-3.7285,9.0403,-3.8057,-3.9037
2.3127,-9.9926,-5.2143,1.4206,-9.0739,-8.7087,-8.7854,-3.9253,9.7370,6.6425,4.4396
-1.0753,6.7874,-4.6415,-8.0460,-5.4830,-1.0019,-3.4060,-5.1803,-8.1155,1.7640,3.1918
-2.7453,6.1990,1.1972,-3.1069,-2.7002,9.3739,-5.9160,-5.5001,3.9318,-2.5062,-0.6239
2.6973,-10.3386,-5.9677,0.4756,-8.5953,-9.3256,-8.6344,-3.1628,10.4455,6.7799,5.0768
-0.8778,7.7269,-3.5126,-8.6304,-6.5937,0.4692,-2.9831,-2.8078,-11.3323,0.9251,4.8814
0.1824,0.4742,8.5515,5.0641,-10.0998,-1.8510,-0.5870,3.8055,2.5200,-0.1482,-2.5856
-0.7689,7.1498,-0.0210,-3.4078,-2.6541,10.4352,-7.2613,-6.1361,4.2402,-2.3776,-1.3632
1.4220,-1.8270,7.1125,7.6995,-9.2748,-4.0631,-1.5126,2.3637,1.4871,-0.2259,-2.9122
-2.1274,8.0037,-1.1401,-3.0214,-0.7510,9.9545,-3.8596,-5.1236,2.7527,-2.3167,-0.3295
3.7519,0.8226,6.1442,5.9533,-8.8254,-2.3373,-1.9972,2.9081,4.0703,1.0407,-3.0053
-3.9818,9.5662,5.2326,9.8492,-5.4083,-6.8455,8.0399,-8.6657,-9.0446,-2.0106,-7.8065
3.9028,-7.1765,-5.4681,1.0317,-7.8528,-9.2889,-8.1178,-3.0489,7.9251,4.5402,5.4125
4.3873,-8.4617,-5.7466,-1.0144,-7.1364,-7.8590,-7.9249,-3.4458,9.3254,8.6638,5.4108
4.8775,-7.4805,-4.4787,0.2473,-7.3741,-8.1654,-7.8360,-2.3330,7.2402,5.5622,5.2300
-0.5017,3.0855,-0.6285,-7.5879,-5.1215,-2.1202,-7.8318,-4.4248,9.7134,-5.2136,-5.3106
2.3344,-7.6195,-4.5534,1.0145,-8.5141,-8.3113,-9.2629,-2.7390,6.8131,6.8913,5.3322
3.3463,-9.2453,-6.4145,0.3816,-10.1582,-9.7691,-8.6023,-3.3089,6.8484,6.9489,4.2165
2.4037,-9.8201,-5.9883,-0.8494,-11.0304,-7.6475,-7.1031,-5.9820,8.9633,6.7493,6.7158
-3.1310,2.1430,-1.7045,-8.5780,-6.2503,-1.1233,-9.7037,-5.3488,7.1501,-4.2993,-2.9626
-0.6410,6.2988,-1.0152,-4.1506,-2.1017,9.0710,-5.5322,-3.7442,5.4737,-2.0987,-1.3930
-0.5732,8.5272,-3.9930,-8.4532,-5.9753,0.5865,-4.7321,-4.1596,-8.7043,0.8067,4.1325
-3.0729,9.6085,5.3357,9.2036,-5.5232,-7.0425,9.2653,-7.7786,-6.8468,1.3588,-10.3814
0.8019,0.8822,5.6798,5.4832,-7.5564,-3.6623,-1.8628,3.7982,3.0577,1.1416,-2.7752
-1.9322,-6.3222,-4.7431,6.4553,-1.0316,-1.4671,4.8152,7.8973,6.2273,-1.2105,-2.7597
-1.2590,5.3166,-0.1208,-4.3071,-3.6011,10.6115,-5.9144,-6.4240,3.4726,-3.7364,-0.3662
-4.5844,10.4821,5.8125,9.1438,-6.4906,-7.7259,6.6841,-9.0430,-7.3756,1.1499,-8.1285
-2.6026,-5.6162,-5.9326,6.0392,-4.3232,-0.9764,3.8991,9.3722,5.8540,-1.0932,-1.6620
-2.4952,5.3179,-1.2848,-10.0600,-5.4817,-2.8042,-8.5581,-2.7059,7.5360,-4.1754,-5.9530
2.7032,-7.5735,-4.9329,-0.4422,-8.6847,-9.4669,-8.4173,-4.6777,8.0763,7.3128,4.7324
-4.8729,9.8517,5.9605,9.8288,-6.0889,-6.5173,9.4821,-7.8827,-8.6043,1.4477,-8.6613
-0.7018,8.3042,-5.8790,-6.3283,-7.8208,2.0962,-3.2748,-4.2444,-8.5895,1.6334,3.9474
5.3456,-8.0158,-4.1373,1.3718,-8.8744,-7.9938,-8.7290,-2.5402,8.0153,6.8136,6.4741
-0.9583,8.2614,-2.9759,-8.6643,-7.5813,-1.4134,-2.9007,-3.9741,-10.3118,0.0754,4.0607
-1.9049,3.7046,-2.1215,-9.1643,-5.9293,-0.4892,-9.2265,-3.8465,7.3079,-2.5528,-5.6251
-1.9446,5.1750,-0.2756,-4.1565,-1.6287,8.2305,-8.3694,-5.0521,2.4254,-2.8722,-1.5267
-0.8220,4.0405,-1.7096,-9.0408,-7.4733,1.1221,-9.4491,-4.0598,9.2577,-4.3191,-3.7179
-0.7849,4.7771,1.8909,-4.3321,-4.6019,9.5542,-5.0604,-5.6163,4.2262,-3.4635,1.3294
-2.3653,6.2035,0.7861,-4.9036,-3.0314,9.0400,-6.5976,-5.6006,3.7117,-2.5383,-0.7609
-2.5314,-7.7869,-6.6725,5.0204,-2.8422,-2.6610,4.0775,7.5710,5.7480,-1.5967,-2.2032
0.3282,7.0537,0.4429,-3.9152,-4.9929,10.1048,-7.2828,-5.6193,4.0676,-3.3604,-1.4265
-1.1660,-7.7349,-6.5700,4.2958,-1.9309,-2.1510,5.0405,8.3384,6.3705,-0.4851,-1.5996
-6.4064,8.3767,7.2844,7.8228,-5.0808,-8.1139,7.8663,-9.1930,-8.5266,0.9602,-6.4908
0.1002,-0.0644,8.2957,5.7450,-9.0987,-2.2256,-2.5717,3.3030,3.9578,-0.6650,-3.0966
-1.1049,-7.8606,-7.4632,6.6985,-1.2655,-1.5061,4.3679,7.5758,5.2257,-2.3427,-0.6414
-3.9580,1.2085,-2.3940,-7.5222,-6.0408,-1.5229,-7.0259,-3.7661,7.5526,-4.1544,-5.1151
-1.6346,4.5734,-1.7213,-8.4336,-7.1146,-0.4382,-10.5829,-5.1299,8.4941,-5.3759,-4.5038
5.0095,-9.2667,-2.3844,0.0489,-9.0998,-7.0810,-7.3593,-1.9681,8.9195,5.5515,3.8415
-2.2442,-4.6348,-6.7668,5.4210,-1.9770,-2.1360,4.7482,6.7666,4.9766,-2.0495,-1.5675
-3.1479,4.1133,0.0231,-10.7799,-6.7118,-1.1797,-8.7213,-5.1600,8.3403,-4.4012,-5.7240
1.3659,0.2754,6.4733,7.1901,-8.4714,-6.0750,-2.3887,2.8249,2.5347,-0.6760,-4.7812
-4.2517,3.4302,-0.1984,-11.1697,-5.6840,-0.9184,-8.1426,-2.6668,7.8610,-5.9079,-5.2373
-1.3249,6.7978,0.0636,-3.5341,-3.2173,9.9889,-6.8552,-4.3381,3.6604,-2.0541,-1.1503
3.3590,-8.0549,-4.7229,0.2914,-8.8398,-8.8178,-7.4507,-1.4265,6.9178,7.1038,5.6597
-3.7080,8.2786,4.9991,10.3268,-5.2025,-9.1705,6.8158,-7.0761,-8.0567,1.4260,-8.8766
-2.1866,-4.1545,-6.3883,3.7862,-1.0091,-2.7596,6.2739,7.6829,4.8759,-2.8110,-0.1358
1.1916,0.1159,7.3178,5.4742,-7.8397,-2.2689,-0.6072,2.5623,2.9538,2.1132,-2.5217
-2.4168,-7.1440,-5.8191,5.2759,-0.4397,-1.8195,5.3300,6.1850,4.2939,-2.7329,-1.0993
3.1555,-8.3863,-6.2086,2.1759,-9.7067,-9.9459,-8.5510,-4.9597,7.5778,6.8450,5.9882
1.1332,-0.8622,8.4654,6.7244,-6.5132,-2.7132,-1.1136,4.4902,1.6509,0.4701,-3.1562
-3.9588,4.2013,-1.9556,-8.6784,-5.7941,-1.1408,-9.4842,-3.3505,10.8388,-4.7072,-3.6761
0.5130,6.1353,-5.5872,-8.8771,-7.5469,-1.2288,-4.4349,-4.6665,-10.8821,2.0788,2.7715
-1.9444,7.1064,-4.0184,-7.6309,-7.3730,-0.0793,-2.9594,-4.1076,-13.5999,2.0455,3.8343
0.1277,7.8006,-3.6212,-7.5687,-6.4912,-1.4324,-5.8960,-4.4805,-11.0072,1.1586,5.7231
-2.6807,-6.4876,-6.4291,4.8361,-1.6113,-1.6545,5.5455,5.5034,3.8087,-2.9167,-0.5298
-0.0575,-0.5590,6.1332,6.4204,-7.2959,-3.9840,-3.4911,3.3782,2.4988,0.3735,-2.2055
-1.0792,-6.5517,-6.2104,4.7553,-3.4287,-4.4750,5.2047,8.1284,6.3110,-1.3046,-1.9277
-1.2180,6.1022,0.0758,-3.4588,-2.8747,9.0546,-4.8287,-6.4138,3.6389,-2.7414,-1.8969
2.8763,-7.8714,-6.1496,0.5176,-8.8737,-9.6938,-8.2950,-3.6237,8.0083,5.4663,3.1667
1.5645,9.4650,-4.6975,-8.0148,-6.4835,-0.4260,-4.5877,-3.9759,-11.5613,2.7236,4.2981
3.7633,-7.5892,-5.7050,-1.0984,-9.5332,-7.9557,-7.6939,-3.1944,7.3125,6.8606,4.3224
3.8529,-8.0504,-4.8440,-0.9883,-8.1843,-8.0085,-7.1531,-2.9430,7.4937,6.5444,3.5270
3.4399,-7.9099,-5.8185,-0.4606,-10.4024,-8.1996,-8.2084,-5.0789,7.7565,6.0162,5.5073
1.0813,-1.1131,8.4374,6.9619,-8.5771,-5.3645,-2.6255,1.8923,4.8910,-1.2956,-2.0147
-1.2776,-7.8082,-4.9444,3.9894,-3.9720,-3.4676,5.6573,7.2932,4.0338,-0.9873,-2.4801
-2.9867,3.0334,0.2980,-11.2699,-7.9943,-1.0326,-9.8174,-4.6203,8.6640,-3.3964,-5.0771
-0.2218,6.2545,0.6520,-3.9419,-2.6293,8.2813,-6.0048,-4.9808,4.7016,-1.5308,0.6740
0.7442,7.7603,-4.7424,-8.0539,-6.1475,0.1864,-1.1058,-3.7458,-8.5123,2.1054,4.4268
2.6073,-0.6679,6.9723,5.7898,-7.9354,-3.5151,-1.5925,2.9939,3.3199,0.0534,-2.3471
-1.0656,-5.5220,-5.4588,4.7701,-3.0883,-1.9593,5.1159,7.0605,6.8034,-3.2494,-0.1960
-3.3044,-7.2039,-6.3998,5.4021,-2.6289,-0.9242,5.5808,7.8947,3.5460,-1.9805,-1.0891
-2.1485,-7.1850,-6.6031,4.8291,-2.2640,-0.3136,5.2247,8.6454,5.9544,-2.3701,-2.5280
-1.2215,8.7494,-4.0806,-9.2229,-6.7677,0.9874,-2.3096,-4.0967,-9.8288,2.1461,4.1331
-1.9122,-5.5863,-4.2959,6.8793,-2.0501,-2.2655,6.0573,7.9170,2.5903,-1.8777,-3.8675
-2.3231,4.3459,0.5726,-8.0068,-6.0500,-0.2072,-11.0202,-4.5531,7.5204,-6.5849,-6.7051
-3.8394,7.2765,0.8740,-4.0824,-3.2666,8.4071,-6.2038,-5.5563,3.5838,-0.7445,-0.5026
-2.9644,7.0827,-0.9434,-4.5816,-1.1501,7.6468,-5.7813,-4.5589,2.2724,-1.5894,1.1094
-0.2764,7.7891,-0.0671,-3.6016,-2.9965,7.9131,-5.3720,-6.4938,3.0582,-0.9548,0.1675
-2.2489,2.4675,-0.5361,-9.8332,-6.0457,-3.0418,-8.2849,-4.5416,8.5740,-3.3173,-3.7187
4.4897,-9.0160,-5.8678,-1.1083,-8.0235,-7.9437,-8.2378,-3.7087,8.2888,6.4209,4.7580
0.2034,7.5501,-4.8822,-9.0052,-5.3334,-1.0409,-2.4049,-3.9650,-9.6170,2.3184,4.7322
-1.6374,7.2081,-0.3557,-6.0364,-6.3757,10.5845,-6.8990,-3.6609,1.6792,-2.3607,1.1194
1.8182,-1.3142,6.3455,5.0190,-8.4213,-3.3387,-0.5922,3.7980,2.3042,0.5499,-2.3630
-6.5663,8.7128,3.6696,8.4337,-4.5384,-5.8350,8.3527,-8.6623,-8.1131,0.9904,-6.8568
0.7068,-1.4186,7.0184,6.6405,-8.3029,-3.6249,-0.4658,3.5909,1.1495,0.0895,-2.6483
-1.2105,6.9796,-4.8024,-7.6713,-6.6694,0.5408,-4.3883,-5.4174,-9.9066,1.1405,4.4104
-5.3288,8.5221,5.3240,10.4655,-5.6293,-6.6400,8.8685,-8.8145,-8.3279,0.7757,-11.0465
-2.0953,-7.0183,-4.6472,3.3664,-3.5197,-2.3604,5.4836,6.4895,5.6495,-1.8557,-0.0800
-2.2563,-7.4641,-6.1996,5.8417,-2.3938,-2.5564,3.0260,6.2901,4.6444,-1.8992,-3.2375
0.7185,7.0256,-4.5893,-10.2799,-8.4643,-0.6091,-5.0818,-3.7556,-7.1768,-0.2373,3.7244
-5.8483,10.2448,6.0368,9.0398,-5.4248,-6.5201,8.0188,-6.8704,-8.3382,1.6223,-9.5138
1.7303,-2.2385,6.8191,7.2545,-7.4796,-5.4762,-2.4780,3.4246,2.9028,-1.4842,-3.0854
0.4974,1.0009,6.7516,6.5832,-9.0171,-4.7825,-2.3341,2.7004,3.4593,0.7477,-3.3204
-0.0934,-0.4054,7.9056,5.6474,-10.4386,-3.2638,-1.2811,2.4951,0.7503,-0.4855,-3.8669
-3.6917,4.9229,-2.1839,-9.0017,-5.8215,-1.0670,-9.5602,-1.1631,8.4808,-3.7464,-5.4616
1.2356,-2.3364,8.0300,6.4175,-7.6497,-3.1903,-1.0430,3.1740,2.6014,1.2623,-2.1347
-0.9481,6.4389,-1.3188,-3.7929,-3.2061,9.3126,-5.5861,-7.3789,4.6300,-1.1278,-0.3541
-0.2262,8.3146,-3.8871,-7.3929,-6.3351,0.7476,-4.5604,-2.7167,-9.2213,3.0864,4.2443
-1.3564,5.9220,0.3885,-3.9709,-3.8360,9.1936,-7.0201,-5.0228,5.4128,-2.7350,-0.6232
-1.4509,-7.4780,-5.5832,5.8325,-2.2407,-1.1902,5.4484,8.7266,3.9397,-2.8642,-3.4445
1.5748,7.8918,-4.3957,-9.4936,-6.7380,-0.8667,-3.9633,-2.7558,-10.3228,2.8377,3.2920
-2.8540,-6.0624,-6.6888,4.7760,-1.1344,-1.4392,6.0321,7.9694,6.2922,-0.4386,-3.2875
2.8229,-6.8020,-6.1568,0.2882,-9.2635,-7.5070,-9.1446,-1.6506,8.7675,5.5209,5.3370
-1.5649,6.5005,-5.5092,-8.9135,-7.8248,0.2488,-3.3263,-5.0500,-10.3580,-0.3471,5.8457
3.0157,-7.1875,-4.8764,-0.4319,-9.5391,-8.4428,-7.2804,-3.5834,7.9485,6.5212,6.3890
-1.2502,-8.4284,-4.6619,5.6354,-1.5124,-3.5236,5.5090,7.5572,5.0308,-3.0016,-0.3188
-5.3898,10.0617,5.4725,9.2752,-5.6207,-6.3874,9.0315,-8.6456,-8.8989,1.3689,-8.6795
-0.4059,8.6032,-3.9244,-8.4763,-7.9063,-1.2979,-3.4862,-4.7199,-9.2499,1.1621,3.3645
-3.9949,9.4634,6.3647,11.4108,-6.0239,-6.4286,7.9186,-8.2385,-7.9765,1.9370,-9.6193
-1.2356,9.2245,4.9827,9.3377,-5.3189,-6.8406,10.8465,-9.1379,-8.7356,-0.4257,-9.5267
-0.6488,0.2254,6.6896,8.0740,-7.2358,-4.2364,-1.4755,2.2426,2.1897,0.4762,-2.8928
-3.6069,8.6724,5.0510,10.4314,-6.5811,-7.7134,9.4808,-8.9927,-9.5330,1.6000,-7.3265
-2.1977,6.9944,1.2399,-4.8044,-3.8847,9.7258,-6.1519,-5.2979,3.3432,-4.3685,0.2512
0.0965,9.2218,-4.4181,-9.1769,-6.3941,-0.8368,-5.2380,-4.0134,-10.5861,2.5770,3.1369
2.8180,-11.1829,-4.3023,0.2859,-8.2421,-7.7570,-7.9633,-3.9609,8.9373,6.6018,5.3038
-4.9377,9.6903,6.1762,8.1203,-5.4371,-5.9367,9.6539,-9.6355,-9.4993,0.3237,-9.2710
1.1390,7.6192,-4.9717,-9.1267,-7.7856,0.8192,-4.0909,-5.5702,-9.9952,0.0756,5.4876
-1.8620,3.5015,-2.9313,-8.2748,-7.8077,-0.1894,-9.3151,-1.9134,8.9695,-5.4603,-6.0133
-4.9338,9.9212,6.2137,10.6240,-4.8751,-7.0354,9.7826,-8.8429,-8.6985,-0.5496,-7.6588
-0.8795,-1.1285,7.6138,6.5996,-8.7484,-3.3963,-2.8420,1.8118,0.4286,1.9531,-2.7617
-1.6684,5.9680,0.7745,-3.0371,-4.4740,9.9733,-6.2645,-6.0416,3.9498,-2.0608,-1.1829
-1.5159,4.8201,-1.0655,-8.7781,-7.6656,-0.4605,-7.1424,-4.0763,8.7026,-3.3920,-5.4969
-3.2623,-7.7745,-7.4209,6.1461,-4.0859,-4.1469,5.2601,7.0128,3.8025,-2.9558,-1.2279
3.1618,-8.1351,-5.8866,-0.1230,-7.9394,-9.0486,-8.0118,-2.4682,8.2795,7.6710,4.2962
-0.9752,6.8319,-0.3358,-5.5337,-3.1681,7.9047,-5.8524,-4.7960,3.1520,-3.2747,0.1373
-1.4773,6.9722,-4.5136,-8.6851,-8.5117,0.8544,-4.0850,-2.2402,-11.5791,3.4955,2.3565
1.5673,0.4860,6.7098,5.3546,-7.9815,-5.5556,-1.5619,2.8941,2.7600,1.8864,-2.5752
-2.6387,8.3387,6.0205,11.5210,-5.7213,-7.3779,7.8108,-7.2688,-8.7265,-0.5769,-7.5506
-4.3312,10.4578,4.7146,8.9309,-6.2665,-5.9944,9.7284,-9.5504,-7.7609,0.1915,-8.2914
3.9376,-9.5289,-4.9911,0.3262,-8.5824,-8.6346,-8.6101,-4.0745,9.0116,4.6803,5.1011
4.8219,-10.9841,-4.7837,1.6437,-9.3060,-9.2468,-7.9381,-1.7196,8.5487,5.4553,6.3742
-0.8727,5.4226,-3.7396,-8.6303,-5.8255,-1.3050,-2.1422,-4.9209,-8.6428,2.1746,5.4409
1.4325,0.0599,6.0642,7.5256,-10.5541,-2.8274,-4.2277,2.7947,2.2176,0.2013,-1.8542
-1.7693,-7.1641,-4.9540,5.0457,-2.5239,-1.5949,4.8164,9.1971,3.2232,-3.0318,-2.3655
0.7198,8.3692,-3.8809,-9.0104,-8.0019,0.5139,-4.0923,-3.6702,-12.1413,1.4925,4.5188
0.3484,-0.9637,7.5682,7.8144,-8.8640,-3.5328,-2.5675,2.6414,2.8109,1.2578,-1.4503
-1.2284,6.5840,-1.6196,-5.9368,-3.3082,11.2427,-5.8343,-5.3634,1.8471,-2.5915,1.0976
0.5263,8.1839,-3.5022,-6.8005,-7.6915,-1.2205,-6.4718,-4.3937,-9.1708,3.3038,4.0666
3.9199,-6.6319,-6.5704,-0.0956,-7.5042,-7.8417,-8.8759,-3.4757,7.7709,8.7024,4.1538
-1.4202,7.6450,-1.0804,-4.6802,-4.0110,9.6493,-7.0208,-4.8709,5.2624,-2.5154,-1.8853
-2.4919,3.4270,-3.2249,-8.0368,-6.1797,0.3685,-9.0658,-3.2203,9.1801,-4.7345,-5.1249
4.8778,-7.9372,-4.1542,1.5167,-10.4469,-10.2803,-8.9529,-3.6303,8.2989,6.6193,4.3456
-0.7862,4.5288,-1.9434,-9.1018,-5.2892,-0.4816,-7.0148,-4.7384,9.3953,-3.7140,-3.3650
-2.7826,8.0911,7.4517,10.6707,-4.8730,-6.9613,7.2087,-8.1833,-8.2806,-0.3169,-7.6582
-4.8546,9.1083,4.9758,9.2152,-5.9692,-5.3994,5.9610,-7.6445,-8.2902,1.0575,-7.5236
-1.7441,-6.8940,-4.6585,5.6219,-3.1672,-2.9073,3.9052,8.9363,3.1671,-1.6821,-3.2626
-1.3974,4.3073,-3.0150,-8.7737,-5.4669,-0.0463,-7.3913,-5.2143,8.7219,-4.5344,-5.3802
-0.9650,-6.9541,-4.6043,5.6152,-3.1994,-0.4881,4.3811,5.8068,5.8936,-1.4931,-1.9183
1.2277,0.0354,7.7156,4.8197,-8.1413,-3.7371,-2.1117,1.8058,2.7372,-0.0393,-1.9289
-2.1599,3.6612,-0.4353,-10.2535,-6.2974,-1.6325,-8.3966,-3.4694,7.7659,-3.5489,-4.8060
-3.1966,3.7772,-1.3589,-9.8397,-4.3657,-0.4181,-8.4032,-2.1494,8.7004,-3.9496,-4.6747
0.2993,6.5314,-2.9699,-6.3376,-6.0712,1.7900,-2.7152,-4.3196,-10.1330,0.7618,4.3054
-1.8187,3.0259,-3.1736,-11.2469,-7.5849,-1.7446,-8.2925,-3.8282,9.5328,-2.5977,-2.3261
0.7290,1.0256,7.8335,3.6093,-7.1613,-3.4825,-2.9076,3.3417,2.2585,-0.5520,-1.7381
-0.8135,7.3963,0.2381,-3.6242,-3.1879,10.8327,-8.2553,-3.7823,5.1872,-1.5226,-1.0438
0.7809,-1.1739,7.8303,5.1474,-9.8412,-1.8087,-1.7958,0.2941,3.4533,0.8940,-2.7710
-1.3924,2.5561,-1.6746,-10.8755,-6.5133,-1.4909,-9.2425,-4.4771,8.1502,-4.4577,-6.6684
-5.4099,8.8242,3.9290,11.3475,-4.0180,-8.5991,6.3801,-9.6084,-9.4610,0.0175,-9.7932
4.3619,-8.7515,-4.7561,0.4875,-9.5901,-8.1101,-7.7162,-4.9060,8.5944,5.9185,5.2305
2.9314,0.1083,8.3327,8.0675,-9.4142,-3.7462,-2.0457,4.2899,2.6832,-1.1427,-2.5093
-3.1893,4.4132,-1.2482,-7.4444,-5.5511,-0.7206,-10.5640,-5.2244,7.6230,-3.0445,-4.7251
-4.2307,8.7030,4.7266,10.0566,-8.2374,-7.4044,7.5460,-9.6976,-10.1780,-0.5019,-8.4909
6.1446,-6.9315,-6.8961,0.8170,-7.1947,-8.1618,-8.2649,-2.1442,9.8338,5.6467,6.5461
-4.3070,10.0407,4.1938,9.8110,-6.5935,-7.8823,6.3002,-8.9601,-7.5687,1.0565,-7.8666
0.8569,-7.7801,-3.8372,0.1247,-9.0752,-9.0819,-8.2658,-2.3316,8.5024,5.1044,3.8797
-1.1416,7.7779,-4.5160,-7.6158,-7.5176,1.7121,-2.8483,-0.9567,-10.0215,0.8468,3.9912
-4.4524,10.5959,5.8422,9.4848,-7.1425,-7.8959,8.1542,-9.4611,-8.4713,0.3438,-9.0082
-1.2939,3.2275,-1.1046,-9.0260,-6.4688,0.0663,-7.2784,-3.8336,9.2364,-4.3996,-4.8738
-0.8564,7.2515,-2.9022,-7.2826,-8.0453,-2.4133,-2.7430,-3.7398,-10.0235,2.6206,6.4539
-0.7312,7.6442,-3.1388,-7.2719,-6.0419,-2.4544,-4.2188,-5.2106,-11.1232,0.9137,3.6254
-0.8193,6.6603,-4.5325,-7.3468,-5.1829,0.3140,-3.2524,-5.1972,-9.9321,1.9570,3.3354
4.7452,-9.8822,-6.1805,2.2781,-8.4074,-7.4130,-8.4744,-2.6521,8.3887,6.8347,4.1092
-3.0515,6.2079,-0.2472,-4.7097,-3.9190,10.0625,-6.7672,-6.9795,2.9453,-2.5320,-1.5610
-1.9514,2.3506,-0.1869,-9.5245,-5.7168,-0.3461,-10.5400,-3.1829,10.9545,-4.8172,-5.6537
1.7643,-6.5025,-5.8317,0.1309,-9.4424,-7.5374,-8.2741,-5.0472,6.5537,8.8192,4.9709
-2.2860,-5.9474,-4.7685,5.6797,-2.8520,-3.5900,5.5541,5.0133,4.8539,-2.4988,-3.3130
0.5783,7.5904,-4.7909,-8.8010,-6.3637,0.9206,-4.1929,-5.3276,-9.8806,1.0309,5.3725
-1.2587,-7.4160,-4.6586,4.4143,-4.1140,-3.5293,7.2048,5.9518,5.6430,-0.5471,-3.3201
-2.2261,9.2364,4.7111,10.6321,-4.3789,-7.3309,6.6063,-8.9474,-7.4829,1.6550,-9.8971
2.2870,-2.5789,8.1955,4.8185,-8.7437,-4.2730,-1.8288,4.5117,0.4151,-0.4327,-3.4292
2.2550,-1.0833,7.6941,7.6513,-8.4326,-4.9365,-0.6425,1.9195,3.1855,0.6167,-2.1723
-3.9122,7.1666,5.6711,9.7640,-7.2390,-7.4247,9.0868,-9.2314,-8.5374,-0.3355,-7.4962
-1.1849,-1.5661,5.8965,7.4925,-8.7341,-3.5995,-2.0397,1.5653,2.5904,-1.4126,-3.9819
-1.4365,5.8140,-5.0362,-7.5725,-8.2912,0.4645,-3.3532,-3.5763,-9.7889,1.0649,2.6517
1.5005,0.1869,7.0652,6.6807,-8.6533,-3.3042,-0.5078,3.5610,1.6960,1.5073,-0.8078
2.7203,-8.0247,-5.6582,0.7103,-7.6787,-9.1256,-7.7938,-4.2686,8.7108,6.2217,5.6570
-0.3426,7.9905,-3.8917,-9.4073,-5.1572,0.1111,-3.8563,-3.8496,-9.0477,2.2446,2.5462
-2.2847,-7.4387,-5.9116,5.7756,-1.9769,-2.1134,7.0019,5.9560,6.0272,-0.0957,-1.8834
-2.3148,3.8425,-1.5891,-8.9552,-7.1625,-2.3804,-9.5815,-4.5043,6.5530,-4.1720,-4.5504
-2.3375,-6.1525,-4.3464,4.9270,-1.7926,-2.3611,4.8653,7.8311,4.9896,-2.8982,-4.2901
0.3924,-2.1603,7.1533,4.4455,-9.2478,-2.4104,-2.0640,2.7453,4.5462,-0.2398,-1.5688
-1.0103,7.2938,-5.7891,-8.4033,-6.5605,0.7958,-5.7750,-3.5475,-10.1263,2.7432,6.3250
0.5953,7.5806,-3.1857,-7.7748,-7.8105,-0.5359,-4.1793,-4.9005,-10.5257,0.8402,3.9608
2.8029,-7.7582,-4.6004,2.1540,-9.2360,-8.7807,-8.6747,-3.6872,9.4595,6.5631,4.3000
-1.2187,-5.4824,-5.2297,6.0773,-3.0907,-2.0268,5.5805,6.4923,5.7893,-1.5115,-0.8002
-3.1016,-7.0321,-5.9324,6.4903,-2.4584,-2.1543,5.1466,7.2528,3.5831,-0.8527,-1.5035
0.8941,0.7662,6.9557,7.6078,-8.1245,-3.8537,-0.6654,2.5980,3.5426,0.3231,-3.0956
-0.4095,7.9441,-4.8924,-8.5218,-8.2422,-0.2234,-0.8467,-4.5139,-10.3134,0.8244,4.9759
1.7556,-0.9205,8.3537,6.8048,-8.0696,-3.0159,-1.4832,2.9610,3.0149,1.2900,-1.8837
0.3101,-2.3564,7.1229,6.0864,-9.0507,-2.3293,-2.6159,3.2283,2.1694,2.0645,-1.1715
-3.0360,-5.1414,-6.5803,5.7306,-3.9444,-2.5794,5.2802,5.9185,5.3526,-1.3195,-3.8429
0.7010,-1.4864,7.8044,6.5086,-8.7052,-2.8263,-3.0490,3.9764,3.0829,-0.6751,-2.8797
-0.0411,-5.2586,-3.7398,4.0879,-2.3549,-1.5961,4.0106,8.9308,4.8778,-4.2792,-0.7061
-1.6870,-6.9218,-5.2779,6.6358,-2.8516,-2.9235,4.7296,7.6055,5.0739,-0.6567,-2.2121
3.5191,-6.5089,-5.0305,-0.7780,-8.2354,-6.6638,-7.9762,-2.8627,8.6766,7.0390,4.1591
3.1076,-8.7647,-5.5565,3.3255,-8.2849,-8.4059,-9.4889,-3.3154,7.8688,7.5513,5.4728
-1.6069,5.3732,-0.7388,-5.9262,-3.8425,8.5452,-5.7378,-5.8321,3.2703,-3.1799,-1.3107
-2.8952,-6.4715,-6.1968,5.5066,-3.1312,-1.7509,4.5623,6.0703,4.5453,-0.9125,-0.3192
-1.1155,9.3431,-3.7965,-8.7074,-5.7031,0.1770,-4.2675,-2.8915,-8.5914,1.8083,5.0914
-2.4468,2.7287,-1.7833,-8.7680,-5.3776,-1.3327,-6.7286,-3.6219,8.7986,-4.7083,-3.6210
-0.4592,6.0722,-1.0549,-5.6707,-2.6252,9.8969,-5.8604,-5.0182,1.2090,-1.1088,-3.2449
-3.5542,8.0811,4.3640,9.0596,-7.4084,-6.9750,7.9653,-8.0648,-9.2243,0.1190,-9.4910
4.7256,-7.8712,-6.8775,-1.1345,-10.8682,-8.0405,-7.7740,-3.9421,7.9633,6.8892,5.0380
0.1310,7.7713,-3.7030,-10.0502,-6.6817,-0.1203,-3.1238,-5.1594,-11.4292,0.5594,5.5057
-3.5180,8.9797,6.1704,7.6130,-6.7568,-7.6259,6.2460,-8.4131,-10.1425,1.5293,-8.9495
-3.9781,4.5479,-0.6693,-8.2129,-4.4656,1.7260,-9.5117,-1.6471,8.5020,-4.1034,-3.8010
-4.2637,9.5101,7.5371,10.7671,-5.1767,-6.0822,8.3423,-8.3582,-9.3904,-0.3269,-7.5704
-4.6582,8.3087,2.9436,8.8177,-5.3974,-7.3878,7.7605,-8.4696,-8.4321,1.2379,-8.3405
-3.3869,1.8118,-3.1557,-9.4318,-7.1286,0.1987,-7.9880,-3.8696,8.6211,-4.8819,-6.1389
-0.7819,5.2404,-0.6832,-4.5461,-3.7981,8.9208,-5.6035,-4.7601,3.9498,-2.4613,-1.4660
-1.8077,1.9716,-0.4292,-10.0594,-6.2699,-0.5299,-9.5189,-5.0534,7.0204,-4.7496,-3.9370
-3.1799,9.2675,3.9838,8.1148,-5.9840,-8.3595,7.8936,-9.3180,-9.3624,0.5933,-7.9704
4.0603,-9.3431,-5.3341,1.4727,-9.0469,-8.8233,-7.7156,-4.1646,6.4739,7.1521,5.9995
-3.1138,-5.1531,-5.4170,6.0458,-3.7224,-1.7366,3.4092,7.4220,5.5144,-3.9362,-2.0232
-1.2481,3.7428,-1.4000,-9.3409,-7.1451,-0.2795,-6.5927,-5.5319,8.9013,-3.2646,-5.0596
-0.7322,-1.6472,7.7833,6.7834,-6.5231,-1.4417,-1.4688,2.6545,2.9555,-0.5938,-3.0256
-0.7098,3.0486,-1.3602,-8.5992,-6.0126,-0.2480,-8.4699,-3.0047,8.4526,-4.6955,-5.0338
-2.1693,-5.5246,-5.0949,6.4735,-5.2377,-2.8190,6.0685,7.1871,6.9341,-3.3596,-2.1356
-5.6565,6.6954,5.3583,11.6574,-6.1440,-6.9092,8.3758,-9.5718,-7.2788,-1.0138,-7.4775
4.8433,-7.3114,-4.2989,0.1736,-7.7949,-8.9108,-7.9573,-5.4367,6.7410,7.6691,4.4510
1.7824,-1.1500,7.1732,4.5799,-8.5494,-3.7946,-0.6756,3.1953,1.2723,-0.0552,-1.7468
1.0893,8.9748,-6.1612,-9.9506,-6.8393,1.1149,-4.5863,-3.9679,-9.9069,2.3652,5.2423
-3.2237,2.7860,-1.4280,-6.9301,-6.7560,-0.6891,-8.6549,-2.0957,7.8349,-5.9823,-5.0993
-5.8562,8.6277,7.9709,9.9081,-6.1628,-9.0498,8.1091,-8.4456,-7.9243,-0.2888,-9.6033
1.7664,-0.9667,7.4297,6.5523,-8.1387,-4.1477,-2.0270,1.7812,2.9885,-1.4323,-1.9187
-1.9224,8.5655,0.1736,-5.3978,-3.5626,9.1411,-6.5481,-4.6400,5.8995,-3.3808,-2.0267
3.3825,-7.9086,-5.4868,0.7259,-9.0198,-9.8476,-9.0448,-2.4220,7.5378,5.9769,3.5964
3.1501,-7.0948,-5.7911,3.3967,-9.7658,-6.5160,-8.6446,-3.4524,8.0892,5.1691,2.9926
-1.7274,2.4856,-1.5084,-7.6502,-5.8849,-1.1870,-7.3976,-4.3432,7.5034,-6.3105,-6.8185
-3.1655,5.0423,-0.8782,-8.2476,-5.9063,-3.4191,-7.7649,-3.8784,8.7761,-5.6739,-5.1065
-2.5562,-7.1319,-4.0013,6.0323,-1.8743,-3.6345,6.8102,7.2974,4.7914,-2.0331,-1.1958
-1.5499,6.7416,-5.8482,-9.3528,-5.7473,0.2706,-4.4187,-4.7818,-10.9426,1.3952,5.0137
-0.7566,-6.9820,-6.0627,4.3731,-2.1838,-0.5413,5.6806,9.5123,5.2692,-1.3052,-1.5589
-4.1763,2.1186,-0.8687,-9.3337,-7.3136,0.1417,-8.4206,-3.5135,8.3956,-5.0993,-6.6307
2.6392,-0.4752,7.1464,7.7332,-7.0329,-2.5010,-0.6373,2.9251,3.1300,-0.1168,-3.1756
3.9134,-9.3385,-3.5988,0.2092,-9.2425,-9.2600,-7.3613,-4.3311,8.9746,7.3305,6.7284
3.4161,-7.7938,-5.5817,0.1900,-9.4111,-9.6610,-7.7258,-3.1874,8.6277,6.1723,4.5702
-0.4594,6.5209,-4.0569,-8.4697,-8.4208,0.9731,-1.9445,-3.1058,-7.7733,0.3880,3.0216
0.2219,6.5921,-4.4699,-9.1703,-5.6496,0.3029,-5.4019,-2.5371,-9.5082,1.4583,4.2659
-3.6901,8.7913,4.3737,8.3277,-4.4910,-5.7962,8.4375,-7.9964,-8.2090,0.2146,-6.9828
-6.1930,7.7046,5.2532,11.3017,-6.3480,-6.7151,8.2981,-9.4367,-7.5531,-1.4952,-8.0042
1.8029,-8.8138,-4.4870,0.6686,-7.5534,-8.5193,-8.7693,-2.4535,8.9610,7.1174,3.3652
-1.3923,7.3250,1.6921,-4.0535,-3.5061,9.7621,-5.4850,-5.8641,3.7124,-1.4025,-1.6602
2.0540,-7.7201,-4.5504,0.2979,-9.5704,-9.7814,-7.2428,-5.3218,8.4803,5.7991,4.6691
2.4365,0.2736,5.6168,6.0640,-8.6569,-3.1087,-0.0513,2.5771,0.6956,-0.2573,-1.4047
1.4980,-1.4336,8.2190,8.9449,-8.5159,-2.3751,-1.9489,4.7641,1.2185,2.1854,-2.2482
0.6752,-2.5007,9.0970,5.9484,-7.1836,-2.0658,-0.8410,0.4036,2.4217,-0.4841,-1.8354
-4.7792,9.2245,5.8801,10.3168,-5.6680,-7.5537,8.8730,-8.6170,-8.9000,1.5251,-7.9148
2.4640,0.4373,6.6102,5.3301,-8.2662,-3.8045,-2.2819,2.1329,3.9485,0.4436,-3.4249
-4.1986,8.8414,6.0754,10.1582,-4.9189,-4.7768,10.4091,-8.6890,-8.2446,3.5208,-7.9014
-5.9679,9.4873,5.1988,9.0846,-6.6657,-7.4463,7.6495,-8.3422,-8.4139,1.7919,-7.9883
-1.9243,3.2954,-1.9295,-8.9758,-4.9885,-0.4086,-9.2808,-2.9309,7.6447,-4.2272,-6.0875
-1.9841,8.7419,5.8025,9.0074,-5.0322,-10.5537,7.8440,-7.5607,-8.0937,3.4131,-7.4780
1.6147,8.6548,-4.5687,-9.7940,-7.1825,-0.2457,-4.8919,-5.7688,-8.4640,1.5148,3.9772
2.9425,-7.0038,-4.1304,1.0705,-7.1360,-7.1424,-9.3884,-3.5775,8.4299,8.0151,4.6203
-3.6514,3.9045,-0.1449,-10.6201,-4.0234,-0.1726,-8.8549,-4.1938,9.8188,-5.5913,-4.2767
-2.0363,1.9077,-3.0320,-7.5049,-5.9745,-1.0658,-8.2839,-4.1278,9.3793,-6.5054,-3.6511
1.2396,-1.2763,7.3794,6.5570,-7.2963,-2.8265,-3.0876,5.3060,2.5168,-0.4614,-1.5859
-3.3732,-6.8580,-6.7054,6.7457,-3.2162,-1.9557,7.0471,7.3045,6.1972,-3.3038,-0.6098
3.4519,-7.3118,-6.6098,0.1484,-8.5971,-8.0730,-8.9578,-5.0053,8.0244,6.3063,4.8180
-3.7375,-6.1865,-5.0293,5.0375,-2.9450,-2.9693,3.6772,5.3172,4.1210,-3.7097,-2.2529
-1.8774,-5.3876,-6.6348,5.2946,-2.5312,-1.9964,6.3584,7.7311,4.6927,-2.0856,-2.3778
2.3611,-1.3534,8.4488,6.9638,-8.0614,-2.9401,-0.0247,-0.0271,1.6458,1.1031,-3.3359
1.5063,7.5887,-4.3257,-7.8419,-6.5467,-0.0924,-4.1483,-4.5178,-10.6907,-0.4061,3.7830
2.4864,-8.7662,-4.8326,-0.3646,-7.6125,-8.4571,-7.9793,-4.1754,7.9602,7.0768,4.8791
-0.4248,-6.8713,-5.5074,5.2783,-3.7058,-1.8967,4.9569,5.7145,5.8812,-2.0461,-0.6625
0.5540,-0.0922,8.0904,6.1957,-7.4336,-3.5136,-2.1109,2.3487,2.5016,-0.1094,-3.4265
-5.1842,9.4308,4.3892,9.2863,-6.3112,-6.3784,9.0276,-7.8723,-9.0511,1.7798,-6.5453
-3.9018,6.0756,0.2221,-4.3379,-4.7503,10.2849,-6.6623,-6.2091,4.3058,-3.2313,0.0480
5.3807,-7.8282,-5.1131,0.0771,-10.1222,-7.4918,-8.2708,-4.4756,8.5626,7.3339,6.0054
-1.2688,8.4405,-0.5151,-4.9773,-3.0928,9.5757,-7.0328,-5.3840,3.5202,-3.7736,-1.4143
0.6557,-0.4609,5.9931,6.0713,-7.9915,-1.8416,-1.9383,1.7282,4.0485,2.1122,-0.9335
-2.3199,7.2305,0.4643,-5.7721,-2.3723,8.1020,-6.5306,-4.9275,3.0980,-1.0498,-1.4659
1.0423,-2.0505,6.0154,6.5963,-8.4149,-4.5355,-1.7027,3.2838,1.0619,-1.1193,-3.2452
-1.0791,2.8562,-2.0390,-9.9596,-5.5513,-2.0959,-8.7766,-4.5137,10.1630,-4.3908,-4.7647
-5.5168,9.9020,5.8865,10.5016,-6.0936,-7.8221,8.5210,-8.6535,-7.6875,1.3847,-8.1300
5.0633,-7.2027,-4.9511,1.2570,-8.2646,-7.5143,-7.8683,-3.3051,8.8054,7.7829,4.7871
2.7023,-6.2614,-4.3725,0.5951,-7.8965,-7.7160,-7.9600,-3.6129,6.5155,7.4168,5.1179
-1.7534,7.2026,0.1266,-3.9561,-2.2608,9.3665,-7.7408,-5.6578,5.7202,-2.5270,-2.7475
-1.0855,6.0521,-1.3069,-3.0871,-2.4683,9.6352,-6.3989,-4.4229,2.6956,-2.8618,-0.4366
-5.9402,9.4389,6.6929,8.9461,-5.8755,-10.5942,7.7295,-7.7791,-7.5619,1.2663,-7.9117
-1.5879,6.5916,-0.0504,-5.0078,-1.6841,8.6705,-6.7497,-4.2695,3.1528,-1.6874,-0.0019
1.1460,9.2028,-4.6397,-6.8861,-7.4340,-1.5031,-5.1977,-3.7747,-8.7359,0.9790,5.5967
-3.5325,8.3833,5.5863,9.4236,-6.0827,-8.6846,9.7755,-11.5743,-8.1617,-0.0045,-7.5783
4.3321,-7.3149,-4.2157,-1.1048,-8.6378,-8.4416,-7.6648,-4.2759,7.9235,8.1979,3.3508
-3.4210,2.0629,-2.0308,-9.3519,-6.3731,-0.4602,-8.6399,-4.9235,8.9548,-6.3986,-5.1378
-3.6393,5.0927,-3.0889,-6.8420,-5.0623,-1.3501,-10.7102,-2.3484,10.2377,-4.5095,-4.1930
-3.9321,9.9542,4.7919,10.2478,-5.4115,-8.9074,8.8518,-7.7594,-10.2204,0.1692,-6.5615
2.6424,-2.1320,8.5706,4.4790,-8.1323,-2.1738,-0.5388,2.6428,3.2393,0.5963,-2.7954
4.2716,-7.9349,-3.9744,0.1325,-9.0448,-8.8470,-8.2439,-3.8289,8.4034,6.2776,5.5979
3.1524,-8.8258,-4.7714,-0.7138,-9.5911,-7.1642,-6.7449,-2.4763,6.0547,7.7551,3.6283
-0.7678,-6.7755,-4.2398,5.2759,-2.5452,-2.7229,5.4710,7.0635,5.0426,-2.2894,-1.2435
-2.2922,-7.4367,-4.9198,4.6709,-3.0919,-2.3485,5.6595,6.6543,7.1004,-2.9783,-1.0014
-2.9052,4.0573,-0.1290,-9.9907,-6.3858,-2.4929,-8.3518,-3.0225,11.8395,-3.4325,-4.2822
0.7068,-0.8671,6.2835,5.5121,-10.2443,-3.1772,-0.9977,2.2302,2.7919,-0.8640,-1.8608
0.0938,-5.9078,-4.9870,3.5512,-2.6295,-2.9538,4.7655,9.1341,5.2959,-2.1518,-0.7147
-5.3328,10.4689,4.9953,10.6657,-7.6124,-5.3225,8.3520,-10.4226,-10.2998,0.1108,-6.7918
-0.3891,6.5643,-4.8735,-7.5813,-8.9886,2.0491,-3.2572,-5.4211,-9.2439,1.8316,4.9919
-4.2438,9.6392,5.2851,10.5734,-5.8427,-9.1586,5.0214,-8.3761,-8.1935,1.1759,-8.4003
-3.6567,8.1605,6.3676,10.0986,-3.4530,-8.1372,6.0529,-11.3643,-9.0624,-0.6673,-9.2938
0.1711,-0.3368,6.6632,7.6797,-9.8519,-4.2052,-3.3269,1.9947,3.1753,1.8716,-2.8290
4.9872,-7.4034,-5.0384,-0.3445,-8.9155,-8.3795,-8.3917,-4.1514,7.1401,8.4002,5.1827
-3.0757,8.8892,5.7533,8.4531,-6.3611,-6.9815,8.7863,-8.1138,-8.7211,-1.2298,-6.6608
-4.6699,8.4375,4.5842,9.7316,-6.3063,-6.3805,8.3269,-9.3069,-8.9974,0.1646,-7.2909
0.4339,-0.9642,9.3940,7.6184,-9.3703,-4.1258,-2.0869,2.7743,2.7623,-0.6801,-4.7948
-2.1339,8.4120,4.8647,9.5326,-4.5901,-6.8380,6.9251,-8.9825,-9.1179,2.3789,-8.2717
-3.0834,8.8067,7.2627,10.6096,-6.0908,-8.7099,7.3891,-8.1749,-7.3316,0.7659,-8.3893
-2.9712,8.4779,7.1748,10.1613,-5.8082,-8.7267,6.7450,-8.0950,-8.8680,0.5840,-9.8693
-2.6800,-5.9884,-6.2917,5.4183,-2.1300,-2.9079,6.5315,8.9771,5.2732,-2.4179,-0.4616
-2.5317,6.0103,-1.2435,-5.4192,-3.3472,9.3733,-6.2140,-3.7537,3.9366,-3.1168,-1.0539
-2.0823,7.9544,-5.8152,-8.0090,-6.5953,-2.0164,-4.0239,-4.8566,-9.4532,3.7734,4.0357
2.2488,-1.4669,7.9463,7.1700,-9.0131,-3.3640,-2.1613,3.7816,4.1429,-0.6492,-3.9902
-2.5652,6.9078,-0.1034,-4.4118,-3.7282,10.4004,-8.3409,-4.2688,4.3832,-2.4889,-2.3156
0.5766,0.7203,8.4726,7.5976,-8.1282,-3.5923,-1.6630,5.3076,3.0680,-1.0107,-3.0671
-3.3869,3.8729,-3.5260,-9.0623,-6.5463,-3.7433,-9.2475,-3.0372,8.7366,-3.7368,-4.6481
1.3624,-1.0626,7.2661,9.0109,-8.7265,-3.2196,-1.1919,4.1623,2.6999,1.5533,-3.0985
-1.2959,4.9009,-0.7238,-7.9737,-7.0048,-0.8905,-10.6873,-3.2595,7.0634,-3.1634,-5.2921
2.9777,-7.5861,-6.7229,0.0897,-9.0494,-10.0885,-7.6727,-2.6522,7.4639,6.9873,4.2195
0.4663,-0.4965,7.6063,7.1034,-9.2069,-1.9437,-1.4823,3.2070,2.1754,0.4139,-2.4310
0.3515,-2.0910,8.5698,7.8288,-8.0324,-4.4093,-1.4087,3.6832,3.0571,0.4363,-1.4298
-1.6104,6.2898,-4.3732,-6.1001,-5.3542,-0.4753,-4.3015,-3.8709,-9.6997,4.4349,3.4319
-4.2080,8.6607,5.4795,10.2089,-6.4197,-7.2510,7.1173,-8.6999,-9.3515,0.9283,-7.6303
-4.0503,5.2448,-0.4918,-10.5769,-7.5950,-0.8197,-9.6512,-3.2922,8.7424,-5.6929,-6.2764
-3.6236,4.3204,-1.1950,-10.7561,-5.0969,-1.1507,-9.2988,-6.5659,8.8785,-4.3404,-4.1974
-1.5435,4.2865,-0.6460,-9.4583,-5.5040,-0.3388,-10.1031,-4.0415,9.1547,-4.5145,-4.9433
-1.7088,3.6619,-3.7688,-9.0944,-6.8026,-1.5373,-8.4520,-3.4866,10.1210,-2.9674,-4.6660
1.5859,1.3854,7.1204,6.6817,-8.5876,-3.7852,-0.8745,3.2022,4.8946,0.9157,-2.4454
1.9013,0.1666,8.3606,8.0678,-8.9402,-2.6412,-0.7194,3.5416,1.6471,0.1606,-1.9559
0.0764,0.0964,8.3704,6.3816,-9.4318,-4.0371,-1.4535,3.3714,2.2858,-0.3224,-3.1866
-2.1305,5.9091,-0.3146,-2.9935,-2.8917,9.8954,-6.5364,-4.6791,2.7185,-2.1490,-0.2359
2.8187,-7.9666,-4.8159,-1.2039,-8.7586,-7.8816,-8.8424,-3.5100,7.8915,5.5542,5.9798
-3.3855,-6.1786,-5.9597,6.5232,-3.1074,-1.8108,4.8313,6.0395,3.5270,-2.6456,-0.9839
4.7330,-8.4166,-3.4075,0.7241,-8.8583,-7.9866,-8.4754,-3.2998,8.4253,6.5766,6.7298
-3.5910,3.1203,-1.5847,-9.3091,-5.7244,-2.0850,-6.5049,-4.2581,8.7114,-5.2321,-1.7154
-0.1174,6.9748,0.6949,-4.2333,-5.3812,9.0356,-6.0972,-5.6488,4.6307,-1.6327,-2.8342
0.8510,9.4212,-6.5404,-7.8616,-6.9017,1.0602,-0.7168,-4.9559,-10.2092,3.1477,4.8096
-1.3392,7.5401,-0.8728,-4.5309,-1.8089,10.2109,-6.6650,-5.6983,3.2991,-3.3041,-0.2222
2.4035,-8.6842,-5.5014,-0.7074,-7.9586,-8.8691,-8.5826,-5.8848,8.9081,6.4701,6.3314
-2.3287,-6.7731,-7.2330,5.7931,-1.9976,-2.4408,4.4717,7.6804,4.5335,0.0270,-1.3166
3.3216,-9.3069,-5.8951,-0.7641,-9.8708,-6.4588,-9.8556,-5.0569,8.7656,6.8998,4.2503
1.1741,-1.4271,7.9115,6.0957,-8.5127,-4.0723,-3.6013,3.1402,2.5860,0.5159,-2.8758
-1.3522,6.2410,1.1214,-5.0496,-3.0229,8.2962,-6.9101,-4.0178,3.8201,-1.0009,-0.3876
3.4658,-9.4792,-6.0335,1.2884,-10.6613,-7.4911,-8.0446,-3.2439,7.8255,6.4377,4.1652
-2.0431,6.2468,-4.2947,-11.2238,-9.1104,-0.8486,-1.9379,-5.6990,-11.2410,1.8933,2.8362
-1.7023,7.1828,-5.2167,-8.5932,-8.4064,1.1012,-5.9841,-4.9123,-12.0186,1.6352,3.9220
-0.3772,8.2067,-3.3507,-7.6054,-7.0685,0.6168,-3.6987,-3.4028,-9.5995,0.8688,5.9782
-2.3896,6.1839,-0.8463,-4.1114,-3.3027,11.5062,-4.9463,-5.9116,5.3272,-2.7203,0.0827
0.7457,-1.0934,6.0243,6.9006,-9.6191,-2.1287,-1.6331,3.6341,3.5333,-0.0932,-4.4463
-1.5207,6.3179,-6.8779,-8.7959,-9.6872,-0.0660,-4.2866,-3.1113,-10.1409,3.1558,5.9765
-1.6713,8.0099,-0.5879,-4.7778,-3.4609,9.2975,-5.6865,-3.7223,3.5023,-2.2706,-0.0817
4.3644,-7.7683,-4.9140,1.9142,-9.9964,-9.2624,-7.8068,-2.3779,6.3173,5.7113,3.5084
-0.6550,7.0258,-0.6474,-4.4983,-2.7630,8.5814,-6.9530,-5.0927,2.9048,-1.4404,-2.2087
0.3881,6.7538,-3.9699,-9.3629,-6.3195,0.2949,-4.6285,-2.6487,-10.3034,1.2242,5.6765
3.3093,-7.8421,-5.5026,-0.5245,-11.5402,-8.5120,-6.5052,-4.3359,8.6411,5.9313,5.5806
-1.9251,7.7813,-4.8680,-8.4344,-6.1392,-0.8777,-2.9617,-2.9497,-10.7370,1.1615,4.6326
-3.1217,2.8001,-0.9066,-8.8293,-6.7150,-2.2424,-9.5528,-3.5997,9.1436,-5.2304,-6.0379
-3.3860,10.1826,4.6999,10.7110,-7.2321,-6.6830,8.7998,-9.3123,-6.2789,2.4045,-10.0399
-2.7511,9.8920,5.6190,9.1214,-6.5451,-7.2320,5.6350,-8.7109,-7.9588,0.8267,-7.7483
-1.1507,8.9399,-5.5703,-8.9725,-6.5045,-0.3138,-3.1124,-5.7776,-9.4657,2.7077,5.3808
-4.8284,10.6678,6.0975,9.3155,-4.6891,-7.8055,8.1261,-8.3099,-7.6574,-0.9028,-8.7113
-4.9049,11.3063,5.1420,9.8836,-4.9121,-5.8007,8.5018,-9.0587,-7.0819,0.1573,-8.4834
0.0073,-0.6400,6.1507,5.7955,-8.9028,-3.4082,-0.4412,2.4640,2.6604,0.2990,-2.5273
-1.7488,2.3590,-1.9090,-8.9248,-6.6269,-0.1552,-8.8146,-3.6726,8.7316,-6.2400,-3.9355
3.1678,-10.3214,-5.7117,-0.9069,-8.8340,-8.8703,-7.5327,-4.9746,8.3003,7.8419,6.0654
-2.6384,7.1277,-0.3405,-5.6389,-4.1252,11.0138,-5.8692,-4.6333,4.0220,-2.2662,-1.3206
-2.3524,7.9998,-3.2647,-9.6744,-8.1193,-0.0846,-5.0407,-3.5871,-10.5369,3.0166,4.3354
3.0045,-8.8480,-4.6188,-0.5216,-9.5469,-6.8314,-8.7774,-5.0500,8.6826,8.2593,4.6941
-0.9724,7.1947,-4.8486,-8.0709,-6.3624,-1.2213,-2.9905,-5.4738,-10.8301,1.0118,3.5813
-1.5993,-6.3676,-5.3664,3.6481,-3.8696,-3.4703,5.6830,8.7096,4.2819,-2.4056,-3.7396
0.8378,-0.4707,7.1691,6.8222,-10.0291,-3.9134,-2.0609,3.4143,3.7353,0.0461,-4.6254
-2.6455,6.2911,-1.3800,-4.5149,-4.2985,9.7991,-6.5213,-5.5637,5.8950,-1.7129,-0.4739
-1.6240,6.4385,2.4157,-3.3047,-2.8086,8.8224,-5.3971,-4.2229,3.0831,-1.8594,-0.5760
-3.7836,6.6511,-2.4180,-9.8266,-7.4562,-1.6814,-7.2303,-5.3940,10.2189,-5.5695,-4.2324
-4.2425,8.8776,3.5611,8.3533,-6.1332,-8.1094,7.2634,-9.1410,-8.3238,0.2374,-7.9763
3.0591,-0.9287,7.0369,4.7169,-7.4293,-2.0500,-2.8275,2.9002,2.7865,-0.9634,-3.8373
-0.4362,6.8910,-2.7141,-8.1451,-8.9364,-1.9977,-3.2383,-3.7652,-9.7489,1.1376,4.9705
-2.1138,-7.9885,-3.9278,5.2836,-3.4475,-2.4940,5.8572,8.5934,4.0272,-3.4968,-1.9406
3.2621,-8.4441,-5.4434,0.7390,-7.0874,-9.8682,-9.3223,-3.6098,9.5415,6.6760,5.8428
-4.6234,8.0886,3.7328,6.7241,-5.3087,-7.4743,8.2856,-8.9697,-8.1594,1.2272,-9.6100
2.1304,-8.5695,-4.1920,0.9942,-7.8806,-7.5454,-8.4263,-1.5483,8.2186,6.9147,2.4019
1.8310,-7.7571,-7.0657,1.3486,-8.2621,-8.8566,-9.8276,-3.6699,7.2515,5.7347,4.7419
-2.2398,10.8549,6.0835,9.5326,-5.5287,-7.7249,7.8295,-6.1662,-8.8988,1.0816,-8.3734
-3.2179,3.1774,-0.8970,-9.2302,-6.4284,0.7605,-8.8608,-4.3232,10.3121,-5.1813,-4.2949
0.2671,0.9002,6.4662,8.6888,-7.1342,-2.8234,-2.3785,3.7221,3.5260,-0.3843,-2.8012
-2.8039,6.1357,-1.3470,-4.6855,-3.6052,7.7154,-6.8249,-4.1300,4.5554,-4.3037,-0.4172
-1.3219,5.3268,-1.8206,-5.9430,-1.5141,9.2994,-6.2696,-4.4624,4.4350,-3.5903,-0.5439
-0.2415,-5.9373,-5.9888,6.1930,-2.7917,-0.3430,7.7113,7.7094,5.0045,-2.6921,-1.5931
-2.3560,4.7844,-0.9831,-9.7288,-6.1668,-3.6454,-8.7135,-4.5858,8.3179,-5.6669,-5.4254
0.4218,7.5986,-5.2809,-7.6986,-8.3863,-0.9134,-2.0308,-2.7350,-10.3534,2.7785,4.1592
-3.1415,-5.6428,-8.4445,4.8447,-1.8469,-2.2126,4.8745,5.4015,3.3423,-1.9672,-0.2875
-3.5731,6.0915,0.9412,-2.9867,-2.8197,10.4841,-6.1482,-7.2808,2.9379,-1.3178,-1.0193
1.7413,0.1905,7.2782,6.0887,-7.1304,-4.0653,-1.1024,3.2694,3.1980,0.2861,-3.2403
-2.9860,9.6505,5.2052,7.9372,-6.3793,-8.0609,9.0407,-8.2212,-8.1405,-0.9855,-7.7120
-2.2391,6.6982,-0.2100,-4.6552,-3.8502,9.4940,-7.0120,-5.8680,2.5620,-0.8155,0.2208
3.4540,-9.4823,-5.1559,-0.0046,-8.5226,-7.6575,-10.2592,-3.1874,9.7728,5.9652,4.2867
3.3208,-7.0106,-6.1082,1.5914,-7.6899,-8.8370,-8.3124,-3.0885,6.8805,6.6968,6.2723
-2.7387,-7.7670,-5.1849,5.2745,-2.2143,-2.9399,2.7576,6.4269,6.3402,-2.2106,-1.7472
-1.3881,7.2461,-4.4529,-7.2876,-7.4180,-1.6395,-3.2908,-2.7110,-9.2707,1.3938,4.7870
-1.7169,6.0422,1.1140,-5.6124,-3.1015,9.2868,-5.4486,-4.2834,3.3542,-3.6871,-1.4401
-3.4507,6.9973,0.1954,-5.7065,-2.8815,11.2745,-7.0226,-4.3847,3.4571,-2.1308,-0.8176
-0.7891,-7.9002,-5.2173,5.2382,-2.4488,-1.9607,5.3198,7.1605,3.8674,-2.0660,-0.8921
0.0427,0.6237,6.3697,4.3806,-7.2751,-4.5140,-3.9759,4.4580,3.6777,2.0211,-3.2153
-1.6411,6.8725,-0.5470,-4.6874,-3.2407,10.8440,-5.3146,-4.8258,4.2431,-1.9927,-1.3373
-1.5914,6.5295,-0.7573,-5.8754,-3.1735,9.9811,-8.1263,-7.0901,4.1973,-1.1088,-0.6203
-2.5735,-8.2958,-7.6398,5.3693,-3.0734,-0.8447,6.0966,6.1378,4.7371,-1.8568,-2.7169
-3.8982,7.8649,1.7040,-4.9958,-3.7956,10.1682,-6.1469,-4.2087,5.3594,-1.2844,-0.8915
-2.2962,3.0101,-1.4137,-8.3888,-7.8989,-1.6905,-8.7857,-4.3062,8.4068,-5.9800,-4.2391
-0.8264,5.2746,-1.5808,-6.0454,-3.4412,8.8913,-6.2613,-4.2374,2.1020,-1.8421,-0.0073
0.2795,-1.8095,7.0995,6.0375,-7.9497,-3.5276,-0.8824,2.5291,3.2503,1.2632,-3.6207
-2.3150,-7.7875,-5.3515,5.8931,-3.3743,-1.6877,4.2791,6.0860,5.6839,-0.8541,-2.0891
0.1306,5.6149,-4.6548,-7.8007,-6.1820,-0.0583,-5.3166,-5.2545,-11.2513,1.8485,6.0519
-3.3169,9.6340,5.4444,10.6017,-5.4878,-7.4162,7.1039,-9.1055,-9.3791,1.1425,-9.0539
1.8104,-8.5800,-5.3816,0.3908,-8.5628,-7.5418,-8.6148,-4.6435,7.6694,6.2737,4.3465
-0.9642,-5.3638,-5.5007,4.9640,-3.4229,-1.9385,5.3353,7.5627,4.9459,-1.1131,-0.6406
-1.2263,2.2753,-0.8584,-9.7605,-5.5337,-1.3488,-10.0721,-6.0013,8.1730,-6.0381,-5.1162
1.6767,-0.8851,8.2815,5.0183,-7.1886,-3.8995,-1.6471,4.7781,2.1712,1.0578,-2.8901
-2.2516,-6.5907,-6.1316,5.0575,-2.3924,0.0444,5.5631,7.1469,5.5275,-2.1436,-0.7174
5.6772,-8.9805,-3.8199,0.9404,-6.9416,-8.8853,-7.5009,-4.6616,7.5848,6.5591,8.2088
0.0129,6.4493,-3.4562,-9.3407,-7.2958,-0.0093,-4.4062,-3.8783,-9.9988,1.5386,5.5601
-4.5943,10.8424,6.6362,10.1181,-6.0659,-7.2546,7.7813,-7.8935,-9.5301,0.6888,-7.5475
-1.8086,6.6523,-1.2534,-5.4430,-4.6624,8.8836,-8.3343,-4.2695,4.0265,-1.4620,-0.4947
-2.4166,2.8619,-2.5173,-9.5146,-7.3442,-0.1672,-9.0102,-6.4022,7.9430,-4.1291,-4.7639
-4.8233,9.7695,3.8945,11.5649,-5.2276,-5.8570,7.6441,-9.5571,-8.6199,-0.4225,-7.6020
1.5452,-1.9264,5.4951,4.7877,-8.1634,-3.1480,-2.0248,3.2233,3.6916,0.3541,-3.8790
-1.0667,-1.5979,10.0456,5.7124,-8.5175,-4.5867,0.5634,3.3460,4.0459,0.6403,-3.6612
-0.6288,3.2343,-0.6499,-8.0235,-5.9307,-3.1545,-8.1242,-4.2020,8.6297,-4.3786,-5.3790
3.4954,-8.6523,-6.4656,0.1215,-6.6535,-7.8253,-7.2648,-3.2381,7.9674,6.5431,3.8913
-0.9322,2.5190,-2.1442,-9.8480,-5.5912,-1.6258,-9.1931,-5.2177,10.1851,-5.5875,-3.6050
-3.4463,-7.6419,-5.9925,6.0783,-3.9126,-0.9825,6.2679,7.0905,4.0888,-1.8369,-1.2260
2.2393,0.2089,8.1076,7.4889,-8.7289,-4.2195,-2.5037,5.1623,4.1438,0.6001,-2.5419
-2.4295,-5.7133,-4.7681,5.4363,-2.8098,-2.0490,3.0421,7.2388,4.2271,-1.7197,-1.4251
2.8489,-9.9628,-4.7793,0.4793,-7.1657,-8.9262,-7.7477,-2.6912,10.1967,7.8392,7.1261
-2.4658,-6.5225,-5.4467,3.5922,-1.7954,-2.0694,5.0204,7.3751,4.3184,-3.1135,-1.7618
-0.7448,6.6064,-3.5722,-8.3729,-7.7495,-0.1553,-2.5700,-4.5183,-10.6939,2.1110,4.9999
-2.0877,10.4923,3.3354,9.4633,-6.0617,-7.7207,8.0006,-9.0084,-8.0914,0.4422,-8.2545
-1.6312,7.5919,-4.0767,-9.0539,-7.3708,-0.2597,-3.1340,-3.0046,-10.9342,2.1685,4.2907
-2.0449,4.0046,0.9185,-5.3404,-3.2092,12.1750,-6.0252,-5.6962,3.3482,-1.3120,-1.7782
-2.5275,5.7047,-0.1980,-6.2207,-2.4011,9.5221,-5.7812,-5.5953,6.8177,-1.8523,0.9022
4.1242,-7.8598,-4.4879,-0.0490,-8.1233,-8.2467,-7.1663,-1.6917,8.6735,7.5846,5.7008
3.0674,-0.4421,7.1112,6.1048,-8.6212,-6.2842,-1.2903,2.0414,2.7723,1.3041,-2.2352
-3.9820,7.6322,4.5067,10.2224,-5.0143,-8.1552,6.6084,-9.5320,-7.9400,1.6694,-8.8025
5.2320,-8.5964,-5.3696,2.1456,-7.3180,-9.5880,-7.9278,-4.4729,9.6973,6.7602,4.5740
-0.6130,2.8708,-1.1315,-9.5488,-5.2450,-1.0016,-7.3404,-3.6837,10.3455,-3.1098,-3.9675
-2.1590,6.8450,-5.0361,-9.0125,-6.6987,-1.5372,-3.8769,-4.7322,-10.5682,1.3667,4.5892
-1.9050,6.9214,-0.2788,-3.7640,-3.0153,10.5053,-4.4735,-6.2159,5.5601,-3.6619,-0.3564
-0.8951,6.6413,0.7385,-6.3845,-3.3279,8.8696,-6.0935,-5.4768,2.3791,-2.4705,-1.8081
-0.6871,-5.3950,-7.4549,5.4765,-3.6165,-0.6925,5.6827,8.0196,4.2555,-1.5082,-0.3736
-0.3197,-1.3738,7.8200,6.5399,-8.1624,-3.3081,-3.4442,3.5576,2.3944,-1.3958,-3.9383
-3.4798,-5.9023,-5.2223,7.1335,-4.5897,-2.9351,5.2500,9.3374,6.3949,-1.9372,-1.5474
0.1712,7.2407,-4.1941,-10.5012,-6.8588,-0.0513,-3.5707,-3.9242,-10.5448,1.0110,2.7712
-1.6697,-6.8993,-5.6642,5.5862,-2.9077,-0.3837,4.6749,6.9213,4.4704,-2.9459,-2.1648
4.8208,-8.1191,-6.2630,0.2844,-7.2769,-6.9338,-8.1061,-1.4424,8.5510,6.5165,3.7481
-0.4668,-5.9254,-6.5672,5.8088,-2.7476,-3.1869,4.3520,6.4242,5.9683,-2.6247,-1.3054
-4.1823,9.4867,6.4742,9.4198,-6.4181,-6.5339,7.7308,-9.0748,-9.0809,-0.3924,-7.9003
-1.0673,-5.6425,-6.7744,6.5720,-1.7485,-2.4080,4.6427,7.8627,6.5064,-1.7298,-0.1987
-2.7317,9.0977,4.8476,8.9109,-5.7378,-6.1910,9.1351,-9.0598,-6.6381,1.0025,-8.8510
-3.8293,3.6196,-1.7304,-8.5840,-5.8235,0.1022,-9.2549,-3.5321,8.1711,-4.8837,-5.1346
-0.1882,-7.6922,-6.5524,6.4608,-1.1740,-2.2182,5.2916,8.6787,4.2733,-2.0639,-0.0456
3.7520,-8.8895,-5.2434,1.8480,-10.0075,-7.8227,-7.8077,-4.2905,5.8941,6.6407,3.7013
4.6015,-8.8821,-5.4740,0.8241,-6.4659,-8.1304,-8.7059,-2.9162,8.8683,4.9559,4.6276
-1.9401,4.4587,-3.6803,-9.0172,-6.3053,-0.6393,-10.7483,-3.6240,9.8197,-3.8386,-5.4357
2.9691,-7.6331,-4.0709,0.4706,-7.8762,-9.3145,-7.4107,-3.9659,5.5449,5.5340,5.4495
-4.2628,8.3391,6.9945,11.1836,-6.5873,-6.9090,9.0131,-6.2538,-7.1899,1.1254,-7.4376
-0.5456,6.9270,-2.6352,-8.7938,-8.9787,0.0552,-4.5256,-3.3696,-8.7381,1.0740,5.0693
-2.4346,8.9998,4.4580,8.8271,-6.5248,-6.5526,7.6433,-6.6143,-6.2029,1.4612,-6.3166
0.5615,7.6718,-5.2937,-7.6842,-7.1646,-0.7771,-4.1726,-3.9475,-7.6934,2.0899,5.6327
-2.0564,8.0238,1.4435,-4.3082,-3.1773,8.9856,-5.6552,-5.9995,4.6337,-2.7789,-1.3477
-4.1806,10.9570,4.7087,10.7132,-5.5488,-8.0635,8.6790,-9.3759,-9.5201,0.4199,-8.3971
3.2726,-7.9511,-6.6835,-0.4691,-7.8746,-8.8472,-8.0892,-2.9469,7.8582,8.5507,4.5551
2.2166,-7.6048,-6.4449,1.3034,-8.2911,-9.2902,-8.0444,-1.8258,10.7746,5.8994,2.3687
-2.0393,6.3010,-5.4653,-9.8572,-8.4619,1.1379,-3.6940,-3.6310,-9.9638,2.4155,5.6702
0.0811,7.2062,-5.0609,-8.2172,-6.8292,0.4101,-3.4633,-2.1615,-11.4639,4.1399,4.0323
0.9011,6.8067,-4.3216,-7.7522,-5.4761,-2.0029,-3.2981,-3.1197,-11.8824,1.2502,3.9973
0.3653,8.1728,-6.0339,-8.2339,-7.2931,1.4663,-3.6550,-4.0952,-9.3570,3.1193,2.6243
-5.9658,9.6270,6.5080,8.9669,-5.9477,-5.4007,9.5846,-8.5790,-8.9588,2.5330,-7.8061
0.1031,5.6818,-2.9292,-9.0513,-7.1247,0.7134,-4.1495,-3.8751,-9.0927,0.5395,4.6664
-2.3257,6.9365,-0.8293,-3.7857,-4.9000,9.2646,-7.2157,-5.1394,5.1672,-2.5885,-0.8203
-3.2810,8.2294,6.4158,12.3349,-4.5178,-8.3746,8.8752,-9.3972,-7.8118,-0.5622,-8.5897
5.1561,-7.5895,-6.1927,1.4045,-8.9767,-9.9348,-7.2345,-2.0357,8.9778,6.7990,6.2277
-2.2310,2.4022,0.7442,-7.2408,-5.6803,0.1735,-8.8012,-3.2800,11.6983,-6.7161,-3.2620
-2.8068,6.2630,0.3604,-5.2694,-5.9175,10.0858,-5.4538,-6.1266,3.3472,-2.2224,-2.2206
-0.6554,5.2287,-0.7926,-4.5072,-4.3432,10.7129,-4.5724,-4.0529,5.1918,-2.2518,-0.1324
-1.2846,-6.1833,-6.9248,5.5447,-2.2615,-3.1667,4.2733,5.8304,5.4000,-0.7687,-1.5905
3.6780,-6.8790,-7.7840,1.2058,-9.9035,-11.3226,-8.2568,-2.7369,8.2092,7.0994,3.8389
3.7804,-8.7300,-6.7603,0.2135,-8.3354,-8.9768,-9.8534,-3.4421,7.2432,5.3240,3.7848
-3.3324,8.3785,4.9243,11.4320,-6.1613,-9.8252,8.4218,-7.0705,-10.8681,0.6046,-7.7640
-1.5055,2.0902,-1.8301,-7.5500,-6.2364,-2.3799,-8.6641,-1.9827,8.6070,-5.2399,-4.9398
-0.3083,5.2065,-0.0264,-3.7444,-1.0449,8.8220,-5.2381,-4.9826,5.1594,-2.0430,0.2642
-0.9618,7.1748,0.5701,-4.6713,-3.6202,9.9221,-6.2141,-5.5291,3.2486,-1.4972,-1.5393
-2.2815,4.7601,-0.8214,-9.4901,-5.9062,-0.3808,-8.6783,-3.6225,7.6726,-4.4202,-2.1861
-3.7499,8.6262,6.2576,9.7837,-4.1124,-7.4381,7.7904,-8.9209,-8.3847,1.0870,-7.6865
3.0662,-8.2572,-5.6792,-0.5037,-8.5499,-7.9066,-7.5483,-4.2929,7.5464,6.7869,5.5553
-5.3792,9.3919,6.2231,11.2577,-6.4411,-6.7990,9.4148,-9.8090,-7.8232,1.0497,-9.1156
4.0109,-6.8571,-6.5688,1.2977,-7.8996,-8.0240,-8.7151,-1.5922,7.5774,6.9608,6.1934
1.1538,-0.2429,7.8540,5.4609,-8.4159,-3.1710,-2.1993,3.0051,4.3257,0.6560,-1.3995
-2.2628,7.8815,1.9666,-5.0988,-4.1995,9.0646,-7.1285,-4.6362,5.5035,-2.6557,-1.6760
-3.8474,-5.7043,-5.3129,4.2192,-2.9112,-3.5498,6.6993,6.5548,5.0400,-2.4947,-1.1761
-3.1752,-6.8748,-6.2166,3.7950,-1.9303,-1.9613,4.3896,7.0127,6.5399,-3.0668,-0.5095
1.9173,-1.0379,7.9444,6.0716,-9.0551,-4.5545,-1.5016,2.9964,1.9300,-0.3593,-4.3722
-0.6484,6.4058,-4.9229,-9.5596,-6.3966,-1.1002,-3.3135,-5.0410,-9.4329,0.7859,5.1210
-1.4809,3.3636,-3.4426,-9.1176,-7.4424,-3.1610,-8.0772,-3.5819,8.3724,-5.2460,-3.1953
1.4626,-0.0098,7.6447,7.1240,-7.2489,-4.0452,0.3756,2.9226,4.2008,0.0713,-2.5204
-0.8776,7.3765,-5.2825,-9.3008,-8.4257,1.1893,-5.2276,-5.5185,-9.3714,0.3909,3.5089
-3.4641,10.8540,4.8954,10.1729,-5.7190,-6.7400,9.6363,-7.6398,-9.8285,0.1556,-10.0497
-1.0065,3.6349,-1.1353,-9.0173,-6.7309,-0.1979,-9.7212,-4.4155,9.9981,-4.1988,-4.6976
-2.4473,-6.6055,-5.6120,4.5205,-3.1966,-0.7918,4.1536,8.3384,5.9705,0.8275,-1.8118
-2.8741,5.8485,-0.9444,-4.8171,-2.6450,10.1934,-7.5308,-5.2825,4.0546,-2.5192,0.4615
-0.4402,-6.5734,-5.3560,6.7617,-3.1529,-0.4508,5.1170,7.0782,5.2537,-2.9789,-1.8656
-1.9088,6.8257,-1.6265,-3.8513,-2.0741,9.9262,-5.8200,-5.6496,3.0107,-1.1232,-0.9469
-3.2345,10.2510,3.8222,7.6894,-7.9336,-8.8124,9.8915,-8.4269,-8.9621,-0.1820,-8.1889
1.6870,-1.4164,6.3611,6.2333,-9.3116,-3.2115,-1.7674,5.6293,1.7118,1.3966,-4.3357
-1.5384,3.5352,-1.6907,-11.7723,-5.6529,-1.2863,-7.9107,-5.2835,8.7688,-4.6033,-3.6567
-3.5415,5.2270,-0.3823,-5.3251,-3.2420,6.8287,-7.2156,-5.2299,3.3816,-1.9093,0.6953
-0.9261,-5.2784,-4.5406,3.3586,-1.6401,-2.9752,3.4999,7.4821,4.5821,-3.2049,-1.3513
3.0060,-7.7738,-5.9602,0.0553,-10.0073,-5.8928,-9.1789,-3.0049,6.8372,6.5517,5.5814
-3.7763,3.8845,-0.9696,-8.6772,-7.1609,-1.5648,-9.8080,-5.2190,7.6266,-5.7529,-4.2945
0.8683,-0.0613,7.8896,6.1689,-7.1258,-2.9657,-1.1145,3.9057,2.6180,-0.4514,-2.9408
0.7324,-0.1044,5.1477,6.9713,-8.6773,-2.6302,-0.3949,3.5042,2.4583,1.2127,-3.6508
-0.3909,7.0732,-4.1668,-9.4188,-7.8283,1.5132,-3.3404,-4.1584,-9.7065,-0.4271,3.9590
0.9711,7.2399,-4.9373,-8.6479,-8.1611,-0.0079,-5.1258,-5.7312,-9.6028,3.1576,5.0375
4.3168,-8.9209,-4.3195,0.8324,-9.1425,-9.3959,-9.2606,-2.7045,7.8158,6.7152,5.1772
-0.4377,5.1710,-1.1299,-2.9415,-1.9180,9.6012,-5.7555,-4.2246,3.7031,-3.2959,-1.7876
0.0378,7.4423,-4.2843,-9.7401,-5.9156,-0.8972,-4.7835,-5.4218,-9.3608,1.7224,5.1878
-3.1123,6.9207,-1.1998,-4.0767,-3.5305,9.9314,-6.8443,-3.6175,1.7517,-1.2543,-1.4125
-1.7570,2.3687,-2.9881,-10.5463,-5.2474,0.0955,-8.0264,-4.0534,8.7553,-3.0916,-3.4474
-1.6214,7.1747,-0.6602,-2.8983,-3.5074,8.8842,-6.0498,-4.9657,5.0886,-1.1661,-2.6337
2.9170,-8.1429,-5.7076,0.2149,-9.5961,-9.7855,-8.5543,-1.2740,6.9029,7.6081,5.5720
-1.7379,6.1095,-1.1712,-3.9827,-1.3049,9.0292,-7.2831,-4.9032,4.1687,-0.9156,-1.7821
0.0917,8.4123,-4.5024,-8.3798,-5.9768,0.2780,-5.2642,-4.3398,-9.9224,0.9469,3.7420
-5.5541,9.2935,5.8198,8.0292,-7.0536,-6.8752,8.0788,-9.2621,-8.1550,-1.6664,-7.3292
-1.9500,3.5769,-2.3161,-8.7239,-5.7214,-1.3117,-8.4422,-3.1034,7.8416,-4.5371,-4.6649
-2.5142,-7.9439,-4.3610,5.5565,-2.6804,-2.6954,5.0125,6.6589,3.1832,-3.8616,-3.0288
3.9286,0.0110,7.5861,6.2848,-8.6708,-3.9797,-0.5186,3.4804,3.2653,1.8430,-2.8826
1.3834,-1.1529,7.7980,5.9472,-10.9210,-5.0817,-1.7489,3.0371,2.6112,0.4753,-2.2588
-0.3889,7.0642,-4.7280,-8.0497,-6.4996,-0.5912,-3.5169,-4.2732,-8.0508,0.9818,4.9173
-1.0543,7.2769,1.9254,-4.6137,-2.2035,12.3007,-6.0533,-4.4648,2.4147,-2.1854,-2.3958
-4.7547,9.3124,6.5416,10.5086,-6.1559,-7.0605,7.9420,-8.4644,-8.2625,-0.9836,-7.7753
-1.0438,8.1705,-5.3252,-9.8581,-7.4541,-0.1498,-5.3771,-3.7515,-9.3001,0.9661,4.7183
-1.8592,2.3020,-1.9837,-10.6997,-5.9217,-1.0658,-8.8976,-4.1319,10.1926,-6.0023,-4.0846
-2.0432,-7.4654,-6.2747,4.8652,-1.5439,-2.3752,6.1180,6.3367,6.3086,-1.9578,-1.3221
-1.7782,5.0608,-2.0657,-9.8712,-6.3689,0.7277,-5.6581,-6.4167,8.6253,-3.5865,-3.2688
0.5223,-0.7666,7.1911,6.1033,-5.8893,-4.2971,-0.7084,2.1769,3.6789,-0.3672,-2.4670
-1.6686,8.6419,-1.5389,-8.3236,-5.5492,0.6974,-3.9684,-3.7072,-8.8846,2.2599,4.5995
-2.2198,3.0999,-0.4749,-8.0222,-5.7606,-4.1067,-6.5302,-3.6728,9.6974,-6.5969,-4.8828
3.0529,-9.4527,-5.1553,1.9330,-10.4927,-7.0710,-9.2492,-3.5672,9.3516,5.3059,5.5093
-5.5069,8.3192,4.2599,9.3971,-3.9707,-9.4622,5.7325,-7.5117,-7.6019,-0.8830,-7.3656
-3.3472,1.7957,0.2525,-9.9100,-7.7111,-0.4250,-9.2400,-3.3360,6.7617,-4.1366,-3.7627
-1.6985,-5.2127,-6.6022,6.5759,-2.6828,-4.6897,4.2237,6.4574,7.6331,-1.0833,0.1103
-1.0543,6.2467,0.1523,-4.7020,-2.8186,10.2861,-7.3026,-7.0739,2.2450,-2.6925,-1.7762
-3.1305,4.2897,-1.2371,-7.5578,-6.2487,0.5258,-9.2142,-4.2967,7.6091,-6.2485,-5.9006
-0.3874,9.5004,-4.3936,-9.6345,-8.2855,0.0728,-3.8987,-3.4408,-9.5262,2.2187,3.8674
-2.3328,-6.2536,-5.4744,6.6488,-1.8107,0.4400,5.6120,6.7138,5.5325,-2.3863,-1.1992
-2.3604,5.8180,0.0171,-3.1637,-2.0711,9.5914,-6.2984,-5.7909,5.1948,-2.5676,-0.3591
-1.7584,-6.0197,-5.1956,6.7606,-3.5502,-1.6674,6.0347,8.8118,5.1931,-3.9382,-1.3995
-4.6739,10.9191,5.6727,10.0440,-6.8028,-5.3961,8.3882,-9.4639,-6.5684,4.3180,-7.3540
-1.1674,-6.5868,-8.1596,4.5344,-3.2671,-3.0204,3.1523,7.7648,4.1033,-2.8985,-3.7782
-4.1350,10.9653,5.2604,10.5519,-7.5339,-6.0020,7.2724,-8.2743,-7.8599,1.4104,-7.8759
-1.8176,5.2418,0.7240,-4.2000,-4.6829,9.1364,-6.6558,-6.9474,3.4920,-0.9437,-0.8398
-5.5457,8.5881,5.4667,9.4656,-5.5811,-7.8889,8.4096,-7.8911,-7.7649,1.0840,-8.5453
-4.2336,9.3340,5.8388,8.2553,-5.2729,-5.9463,8.6662,-10.0329,-7.7248,0.4860,-10.1295
3.7603,-8.1686,-5.6409,0.1596,-10.1655,-5.8798,-7.3529,-2.6348,7.6637,6.3893,3.3146
-1.7807,-7.7017,-4.9845,4.6119,-3.3829,-2.3548,6.3767,6.7511,4.5511,-2.6699,-2.0513
-0.8953,6.6015,-4.1197,-6.5326,-7.1418,-0.5475,-4.0257,-4.1057,-11.2522,1.8392,4.3667
-3.5241,-6.8660,-7.4238,4.4826,-3.8035,-2.1776,5.5702,6.4948,6.4199,-2.2556,-0.9393
-5.2694,10.6790,3.6074,8.7663,-5.1526,-5.0508,8.0460,-8.7105,-6.8537,1.2826,-6.3177
-2.7529,2.7453,-2.1954,-9.1993,-5.3073,-1.1480,-8.3590,-5.1672,8.0739,-4.0356,-6.0842
0.5831,-5.9787,-5.6892,6.1782,-0.5447,-2.6383,5.0654,6.0477,4.2015,-2.1172,-1.6914
-3.5287,10.8123,6.0322,7.8490,-6.7319,-8.1212,6.6045,-7.6584,-9.3096,1.7901,-7.2385
0.3763,-0.9779,6.8806,5.9350,-7.4913,-3.4860,0.4098,3.0839,3.3670,1.9114,-3.3627
-1.7266,7.5625,-1.6991,-3.3779,-3.6595,8.9522,-5.6408,-5.9223,3.2275,-3.4726,0.0035
-2.9279,1.2396,-1.9888,-7.8439,-5.9544,0.5677,-9.1197,-3.2755,9.3414,-2.8120,-4.9246
-5.8763,9.7505,6.3777,9.3394,-6.4169,-6.8712,8.3826,-9.3663,-8.5402,0.7567,-8.8956
-2.9275,6.8325,0.8078,-5.9879,-2.5271,10.7555,-2.7680,-6.4428,1.8085,-1.1217,-1.8528
0.9905,-10.3323,-4.4541,-1.7322,-7.1365,-9.6819,-6.8605,-3.9524,9.0656,6.0086,4.3455
-0.9295,-8.9483,-6.3276,4.0278,-3.1133,-2.5243,6.5931,7.5016,5.0621,-2.2037,-0.9215
-2.4643,-5.8618,-4.7733,7.1275,-3.5084,-2.6558,4.9249,7.0236,4.8897,-1.9559,-1.9108
-1.2518,8.3287,-3.9195,-6.5602,-6.1368,0.0189,-3.2025,-3.2736,-10.7278,1.1536,3.5880
1.8704,-1.0718,7.6505,6.6704,-9.2265,-4.9498,-1.0535,4.3049,2.3805,-0.0735,-3.6447
-2.1270,-6.0447,-5.7213,5.8248,-3.7780,-2.4699,4.8393,7.8409,5.0893,-1.8325,-2.5286
3.2805,-7.9451,-4.8954,1.2532,-10.5478,-6.0828,-9.8323,-3.0970,7.9068,9.2967,5.7985
-3.9698,10.2666,4.6316,9.4527,-4.8725,-5.8307,7.7193,-6.5004,-10.0040,0.0877,-8.3243
0.7748,7.1394,-3.9486,-10.9821,-7.8891,1.3564,-3.5396,-3.6019,-10.0711,1.4497,5.3383
-1.7223,7.7698,-4.7976,-8.9445,-6.2805,0.0327,-4.9526,-4.0578,-8.4213,0.9517,3.5912
0.5052,-1.5376,6.4628,7.1355,-7.1955,-3.5878,-4.1663,3.3420,4.0665,-1.2298,-2.0241
-5.4584,9.9362,4.7193,10.3690,-6.6103,-7.9758,6.8698,-10.5043,-6.1658,1.0214,-8.5113
-2.7028,7.4208,-4.0197,-7.0854,-6.9319,-2.3846,-2.6454,-4.7034,-10.1988,0.6389,2.4903
-1.1236,5.4456,1.5517,-5.7303,-2.2355,9.0502,-6.5083,-4.5950,4.9576,-1.0400,-2.2258
-1.7280,6.3991,-0.5683,-5.0171,-2.2511,7.2118,-4.7162,-5.4607,3.6337,-1.7341,1.5739
0.5130,0.0192,7.7588,6.3549,-8.0378,-3.5845,-3.7911,4.0467,3.2765,2.7310,-3.0136
-4.8176,10.1490,5.6132,8.8031,-5.7634,-8.0798,8.6629,-7.0983,-8.3589,-0.1223,-7.8583
0.0330,-0.7098,5.4748,5.6273,-9.6960,-4.4707,-0.3319,3.1996,3.7771,2.0932,-3.0561
-3.0267,-7.6725,-3.9982,4.7082,-1.9470,-1.3991,3.8409,7.1559,6.9105,-3.6194,-0.8948
-0.6332,0.7829,8.6719,7.2478,-7.2777,-3.8063,-1.5556,3.5455,3.8229,-0.3549,-2.6961
3.4017,0.7454,7.9031,6.0963,-8.2487,-3.9295,-1.8640,3.9777,3.2615,-0.6503,-3.2904
3.0581,-8.8000,-5.0084,0.8027,-9.1010,-7.0656,-8.8124,-1.3192,6.1406,6.6652,5.8776
-2.5476,3.7018,-1.9084,-9.4520,-6.8005,0.4961,-9.8673,-4.4307,7.4934,-5.5542,-4.3095
-1.1820,-4.9701,-5.7625,5.0098,-3.0744,-2.4285,4.6267,7.9261,4.5573,-2.9030,-1.0208
-5.6079,6.7987,5.0848,9.9502,-6.8607,-7.9820,8.1115,-8.0542,-8.9965,0.4789,-8.8806
-0.5434,2.4307,-1.4118,-10.1730,-7.3282,-2.8879,-8.8142,-4.6038,7.2594,-3.8884,-5.1921
0.1557,7.3882,-2.6807,-6.9436,-7.4275,-0.4751,-4.2622,-2.6034,-9.5698,2.7847,4.6484
2.9970,-10.7388,-6.1529,-0.1001,-7.3862,-6.6458,-9.7702,-4.4602,8.7090,6.8766,5.6874
-4.1151,8.5980,4.9474,9.4318,-7.1148,-6.3890,9.6580,-7.5391,-8.0431,1.8392,-9.5577
-1.2110,4.2555,-0.5824,-9.8519,-5.4633,0.0702,-9.4945,-5.1451,8.8225,-3.5923,-4.5027
0.3844,0.1393,5.6216,5.2218,-6.6876,-3.8698,-0.4381,2.9808,2.9786,0.2818,-1.0499
-2.8100,7.1862,1.2876,-3.7688,-2.5415,10.0608,-5.7203,-5.4522,2.8118,-2.0032,-0.6986
1.3777,-0.2687,6.0636,8.2134,-9.8154,-2.6894,-2.2494,2.5516,1.7710,0.8001,-2.7488
-0.1202,7.6357,-5.3009,-10.2851,-6.8209,0.9548,-4.2081,-2.3169,-10.8371,1.7673,4.6801
4.1440,-8.9090,-6.0781,1.8329,-10.1734,-9.0055,-8.6339,-4.3702,9.3548,7.8363,4.1182
-1.8749,8.5616,-3.3462,-7.2138,-6.5496,-0.7726,-4.1820,-4.4603,-9.5856,-0.0511,4.3590
-2.1423,9.7465,6.5048,10.1377,-6.1627,-8.0203,6.9185,-10.0162,-9.8198,2.3380,-8.5290
0.3318,8.4013,-4.4530,-7.7231,-7.5125,1.4933,-5.0443,-2.4773,-9.6795,2.9667,3.1112
-0.5821,4.3872,-2.0445,-11.1493,-7.4865,-1.2004,-10.4182,-4.7978,8.3351,-6.5035,-2.4024
3.8487,-8.4226,-5.2214,0.7481,-6.7455,-9.5024,-9.1914,-3.6266,8.0297,5.8244,5.3563
-0.3528,7.7887,-4.8843,-9.7228,-6.9538,-1.8686,-3.7972,-3.6117,-9.1635,1.7260,5.3515
-0.3644,3.7305,-2.1929,-9.9999,-7.2182,0.5045,-10.3932,-4.5891,10.9545,-4.6515,-5.6285
-1.6790,-8.8646,-6.4294,5.2357,-4.4414,-2.9510,5.7215,7.2173,6.0725,-1.2616,-0.7578
-3.2200,7.4632,4.6478,9.4155,-5.0476,-7.0110,9.5058,-10.3061,-7.3960,0.3829,-7.7373
-1.8554,8.3204,2.1454,-4.1844,-2.8546,10.5708,-6.9545,-4.6568,3.2888,-2.1338,0.5342
-3.4255,8.5755,4.9989,9.0916,-5.4712,-8.3896,8.3524,-8.8238,-8.4650,-0.4867,-8.3520
-3.1387,5.9054,-0.0324,-4.8396,-3.3687,8.4112,-7.0133,-5.3163,3.3670,-3.0916,-0.8287
-2.6017,4.3867,-1.3888,-8.0298,-4.9767,-0.6892,-8.2863,-3.5090,10.2683,-4.6259,-2.4058
-1.2199,3.1464,-1.5849,-8.5287,-6.0313,-0.7460,-9.0990,-6.1812,10.0186,-5.2724,-5.6898
-2.2001,5.7883,-3.6516,-7.1951,-6.9390,-1.0672,-4.0306,-4.8832,-11.0850,1.4764,6.3547
-2.9503,5.9407,-1.2428,-4.9269,-2.6094,9.8468,-7.5175,-3.4343,2.6259,-2.1409,-1.4217
-2.3225,3.6725,-1.8363,-10.4469,-4.6581,-1.0869,-10.7696,-3.5996,10.5741,-3.9118,-5.8592
-1.6451,-8.7131,-6.3852,5.9514,-4.0570,-2.0075,5.2372,8.1309,2.7351,-1.0569,-0.1792
-1.0975,5.0193,-0.4878,-4.9573,-2.6915,11.3527,-7.0962,-5.6728,4.0023,-3.1406,-1.1223
3.9251,-8.1036,-4.6999,-0.5944,-8.8113,-8.4229,-7.0883,-3.6323,7.7295,7.1977,5.2208
-1.7321,-6.3476,-4.8698,5.5028,-2.3414,-1.0256,5.6908,6.9646,4.8412,-2.1556,-0.4752
-2.8655,7.7792,0.6244,-5.2706,-2.2841,8.9397,-7.1155,-3.5531,5.8901,-3.1897,0.6058
-2.5599,3.0733,-1.5529,-7.5532,-5.2985,-1.1712,-7.2913,-4.1726,10.3287,-3.2305,-4.3602
1.0842,8.5706,-6.2465,-8.7448,-6.3571,-0.2376,-3.4474,-4.2654,-8.7319,1.7538,4.8826
4.3319,-7.7431,-4.9745,-0.2508,-8.6917,-8.5590,-9.3173,-1.9317,8.1225,7.1320,4.7979
-5.1334,9.9638,3.3317,10.0906,-6.1934,-5.9978,7.9307,-8.7833,-7.5640,1.2469,-10.9568
-4.1227,9.3964,7.4885,9.3988,-5.7931,-6.1971,8.1961,-9.1705,-7.9392,0.1994,-6.6562
-7.4140,9.1050,6.8268,8.6677,-6.9497,-6.8209,8.3344,-8.3568,-9.7085,0.5062,-8.5292
-2.1279,2.5709,-1.5788,-8.5896,-6.4877,-2.0360,-8.3035,-3.8498,5.6073,-6.1564,-3.4037
-0.4354,7.2961,-6.4899,-7.6082,-5.3925,0.6294,-2.1389,-4.7722,-10.3891,0.9533,3.5542
0.9349,7.0013,-2.1538,-6.7990,-7.3504,0.3672,-4.7261,-4.1689,-8.6951,3.4263,3.0566
-3.6930,-5.0768,-4.7110,4.8030,-3.9308,-2.7535,3.7757,7.3797,4.6698,-2.1600,-1.4669
-6.6167,9.9730,4.7399,9.8217,-5.9576,-7.9290,7.8152,-8.7176,-7.8670,-1.2550,-6.6582
-1.1277,8.0181,-4.7029,-8.3264,-8.5452,-1.2416,-5.1023,-3.0037,-9.9064,0.9477,4.2834
-0.9854,7.1753,-5.2766,-7.4986,-8.3412,-0.3931,-5.0525,-3.7950,-10.4987,1.9190,4.8963
-1.0281,3.6276,-0.8584,-9.4059,-6.5096,-0.5693,-9.4788,-3.7094,9.3839,-4.3229,-4.5231
-1.1549,2.6910,-2.1167,-10.3027,-6.8022,-1.7878,-9.8652,-3.7164,10.3894,-3.7508,-3.7470
-2.3135,7.2008,-2.8281,-7.6150,-6.9127,0.7836,-2.8339,-3.5905,-9.4990,-0.3473,4.7038
3.3445,-7.7751,-4.7385,-0.3596,-7.9762,-10.6387,-7.2160,-4.1653,10.3984,6.7914,5.4492
1.5814,-6.4699,-5.2674,-0.6264,-9.0377,-9.0922,-7.3319,-3.3254,8.3710,8.5563,6.9271
-0.4787,7.0850,-4.0585,-9.3680,-7.4251,-1.8519,-2.2338,-5.2616,-10.3900,1.7117,4.1764
-0.4395,8.3513,-2.9421,-9.5426,-7.4287,0.5707,-3.0788,-4.7909,-9.4963,3.8996,4.4481
-4.4583,8.9759,5.6896,9.3844,-5.5466,-7.6463,7.8704,-6.8526,-8.7619,-0.3134,-6.3797
-4.8378,9.8866,4.4412,9.4633,-4.3487,-8.6604,7.7228,-9.6004,-8.4448,1.1258,-7.6917
-2.2415,5.6611,0.1696,-4.0733,-3.4416,8.5569,-6.6469,-6.3541,2.8574,-1.3786,-1.3977
1.3449,-1.1447,6.1507,6.1432,-7.1266,-3.5709,-2.4697,1.8852,3.4820,1.8132,-0.8294
-2.3389,-7.6005,-5.6685,4.3783,-3.1393,-2.5879,4.3340,7.6837,4.9113,-0.1150,-2.8604
-3.0089,4.2280,-1.7749,-9.1722,-4.0991,-0.9371,-8.2230,-4.5901,10.9113,-5.5273,-5.0239
0.1570,7.2412,-5.4737,-7.5863,-6.7682,-1.0790,-4.9512,-5.2547,-8.6119,1.6812,2.9317
-0.5185,-9.1452,-4.8659,6.0950,-2.0662,-1.0095,5.6839,5.6368,2.8570,-2.0124,-3.3255
0.1258,-0.9183,8.2547,7.0296,-9.5117,-4.1011,-2.0568,3.6193,3.6703,-0.6218,-2.8846
-2.8513,7.2899,0.3237,-5.6260,-3.7522,10.5818,-4.6356,-4.4988,2.4473,-2.4382,-0.2249
1.4059,-0.1284,6.6747,6.1621,-8.2712,-6.6346,-3.8158,3.4865,3.0868,-1.0610,-3.6511
-0.6782,5.3813,-3.0426,-7.5244,-6.1977,-0.8204,-9.2617,-2.7424,7.8679,-4.5129,-5.0674
-1.0240,5.6182,0.6934,-4.0588,-3.3216,10.0509,-4.7064,-4.5705,4.9265,-3.3802,-1.6034
-2.3795,5.9776,-0.4758,-5.0910,-2.6211,9.5035,-7.5251,-5.5147,4.2654,-3.3689,-1.0269
-2.6874,5.0649,0.0686,-2.5376,-2.6083,8.6340,-6.4765,-5.5492,4.0339,-1.9326,-0.3065
-0.5777,-7.0642,-5.4571,5.9818,-2.1001,-2.4969,5.8875,5.8683,7.0827,-0.7492,-2.3155
-2.2427,3.3194,-0.3404,-6.7358,-7.2285,-0.8015,-7.4115,-4.0617,8.0381,-4.2234,-5.1442
-1.3520,7.2958,1.1471,-3.5771,-3.5271,9.6306,-6.7384,-7.8830,5.6235,-2.3184,-0.8565
0.5565,6.4289,-3.9996,-7.9883,-7.3837,0.8592,-5.6603,-5.4495,-9.7900,0.4782,6.6565
-0.9308,7.9412,-1.6034,-2.1478,-4.4466,9.7413,-6.5432,-6.6534,4.5696,-2.7874,-0.9688
-4.5777,4.1066,-3.0979,-8.8257,-5.6522,0.4106,-8.1534,-3.7264,8.9776,-4.3426,-5.6790
-2.5007,-6.5950,-5.0479,4.3202,-1.4638,-2.0113,4.6084,6.8658,4.0167,-2.9682,-1.0054
-2.5261,-6.1386,-7.1941,5.9489,-2.8448,-2.9131,4.2390,6.7142,5.6467,-0.2119,0.0340
-3.2039,-5.1919,-6.7898,4.3959,-4.0917,-1.8071,6.2003,6.7844,4.6529,-2.2626,-1.8935
-1.6993,4.0403,-0.5124,-8.9054,-7.9076,-1.3474,-9.5653,-3.3924,7.7624,-4.4470,-5.0476
4.6744,-9.4405,-4.2725,0.3661,-7.1347,-7.6664,-8.5322,-4.9774,9.3242,5.0370,4.2840
-2.5557,6.6521,-0.3273,-6.2078,-3.5194,9.8014,-6.3550,-4.8300,4.5351,-0.6471,-1.4238
2.0268,-1.5883,7.4249,5.1544,-8.7849,-4.3753,-1.1825,3.4630,2.0085,0.6931,-2.8555
-1.1583,8.5133,-4.1958,-8.1273,-8.0796,0.9399,-2.5359,-4.7254,-9.6818,1.4412,4.8430
-0.4572,6.6428,1.4656,-5.8677,-4.4060,9.9546,-6.4144,-4.3616,2.5909,-2.6249,-1.0249
2.3541,-9.3474,-4.9322,-0.6710,-8.6501,-9.0453,-8.2726,-2.8637,7.8895,6.7595,5.1690
-2.3271,8.2826,-4.2710,-9.6595,-5.8750,-1.2009,-3.3522,-2.9907,-11.8457,1.3632,5.2880
-4.5748,8.7765,5.1089,8.8084,-5.6305,-7.2364,9.1900,-7.7542,-10.4057,1.0524,-8.3919
-3.3433,5.1705,-0.9381,-9.3590,-6.1204,-1.3090,-9.0363,-5.7384,9.8076,-4.1274,-4.1349
-4.1145,9.6832,5.8953,9.7549,-5.7348,-6.6313,5.4548,-8.2664,-7.4370,2.3784,-9.6643
2.2382,-0.0839,7.1337,6.0345,-9.2949,-4.6299,-2.2469,1.1769,3.6652,0.9118,-2.7705
-2.8144,9.4320,5.2842,9.4589,-6.5649,-7.7749,9.7236,-9.5724,-9.6830,2.5723,-7.9104
-6.0450,9.5787,5.3525,9.8989,-5.3835,-8.4217,8.6558,-9.8424,-6.8909,0.3159,-8.7305
0.4720,-6.9466,-5.2037,5.3208,-3.0045,-1.6761,4.9690,9.1825,6.0832,-1.4626,-2.0872
-1.0554,-6.8511,-4.6506,5.1825,-1.5069,-2.3610,4.4051,8.0886,3.1337,-2.3343,-1.1518
-1.0190,-7.8191,-6.2427,3.7863,-3.8622,-2.4859,6.6356,7.4314,5.7732,-1.9975,-1.5777
-0.7277,6.8568,-4.3981,-7.3639,-5.9204,-0.3931,-4.9814,-3.4607,-11.5646,2.0108,5.8454
-1.9838,8.6135,5.8526,10.2674,-5.0654,-8.4354,7.1743,-9.7397,-9.4049,2.1110,-7.4236
-3.0233,3.0059,-0.2800,-10.1543,-6.1642,-2.9369,-9.1448,-3.8944,8.5689,-4.0209,-3.9116
2.2923,0.0500,7.7926,5.8308,-7.9467,-4.0749,-1.6562,5.2794,3.2087,-0.3738,-3.0806
-0.6765,2.9032,-2.5278,-9.2281,-5.7600,-0.2056,-9.6761,-5.3674,6.9477,-3.4313,-5.6839
-1.7526,8.3227,-4.6259,-7.1689,-9.3163,-0.3549,-3.1059,-2.2033,-11.4202,1.2615,3.1898
-4.1095,3.9927,-1.7969,-11.2657,-5.5030,-0.5051,-8.3097,-3.6426,8.2621,-3.5755,-3.4819
-3.5474,9.3355,5.7180,10.1973,-7.1089,-7.2950,8.2126,-8.9797,-8.3428,2.0789,-8.3034
3.5370,-8.3923,-5.8890,1.9366,-8.1801,-7.7622,-9.6191,-3.6815,5.9804,6.3570,6.6603
3.7095,-10.3094,-5.1060,0.8255,-8.4444,-9.0216,-9.2964,-2.5629,8.4142,6.4065,4.6690
-2.1222,7.0590,-0.9239,-5.2428,-4.0280,9.7113,-5.8007,-5.0142,3.2154,-2.6767,-0.0507
-2.0800,6.8811,0.7599,-4.6237,-3.7522,12.2633,-6.7368,-3.6446,3.1826,-3.7070,-0.8928
-2.1887,5.9342,0.5288,-6.1371,-3.7843,10.1637,-6.4064,-6.3474,2.7850,-3.7745,-0.1383
-1.2728,6.4333,-4.7413,-8.1627,-6.9668,1.2073,-2.8251,-3.4513,-9.8035,2.1159,3.7727
0.0744,7.2457,-3.0125,-9.4848,-8.9697,0.0075,-5.1649,-4.4357,-8.4858,2.7479,3.5728
-2.0504,2.4290,-2.2418,-10.6725,-6.5137,-2.3860,-8.5737,-4.0559,7.8132,-3.7964,-5.5507
-0.1000,-0.2765,7.7098,6.4879,-7.1113,-3.6263,-2.0598,4.7154,1.7705,0.2761,-2.6370
0.9422,-7.8618,-4.9144,-0.8666,-8.2881,-10.4475,-7.9915,-2.3344,9.3263,7.0178,5.4635
-2.4862,-6.9640,-4.3670,5.2222,-3.3055,-3.3912,5.6022,7.2686,4.2331,-0.8666,-0.1855
-1.9546,3.3642,-2.4739,-10.7413,-6.3355,-1.6300,-11.1667,-4.5435,7.7757,-4.2791,-5.0153
3.0501,-8.3511,-4.3894,0.8419,-8.2532,-7.3066,-9.4584,-2.8257,7.7481,7.0080,4.6645
-2.1141,-6.4992,-7.0490,7.0370,-2.8745,-1.9283,3.5999,8.9233,4.5678,-0.7159,-2.6785
-3.0684,-6.8746,-6.3681,5.4801,-1.6804,-3.4183,4.9235,8.5848,4.8166,-1.3018,-0.8515
-2.5800,6.7926,0.8457,-5.4580,-3.3051,8.4396,-6.6446,-5.0218,3.7557,-1.6795,-0.4561
-3.7422,9.4850,5.3857,9.8447,-7.8001,-7.8227,6.7621,-10.3683,-7.7457,0.4139,-8.9057
-1.1782,8.0421,1.3092,-4.7868,-1.6050,9.6996,-6.9969,-4.4298,4.5235,-0.7903,0.6199
-3.9906,4.7630,-3.0177,-9.2811,-6.2470,-3.4725,-10.4406,-2.5595,9.2718,-4.4308,-4.8155
-0.2377,-6.6232,-6.4182,5.1494,-2.7040,-1.9829,6.8350,8.1681,6.3782,-0.6235,-2.4246
-1.4854,4.6653,0.7011,-3.2198,-3.0870,10.3900,-5.5109,-5.6847,3.2157,-2.8207,-0.4690
-1.8002,4.6297,-0.7672,-9.1330,-6.3315,0.4964,-10.7153,-4.8728,10.1277,-4.7657,-5.5659
-2.5328,-8.5540,-6.2810,5.1374,-3.0426,-2.4386,5.5624,8.8284,5.2957,-1.6177,0.1066
-2.4345,8.3370,-2.8443,-7.8812,-5.0257,0.4456,-4.5560,-6.6658,-10.9190,1.6837,4.8721
-0.7085,-6.8285,-4.8493,5.1064,-1.3456,-2.3583,5.6361,9.3249,6.6060,-1.4124,-0.4600
5.0694,-7.5758,-5.5583,-0.1863,-9.2792,-8.7970,-8.1488,-4.4492,8.3049,7.7667,4.1716
-1.9591,-6.3158,-4.6452,4.4048,-3.5908,-1.5492,5.5272,7.5886,2.6628,-3.6336,-2.4679
0.8639,-0.2336,6.9210,5.1749,-8.7863,-3.2384,-1.4284,3.1617,3.5563,2.1632,-1.2904
3.0308,-8.1507,-5.0954,1.1221,-6.7059,-8.2672,-6.1808,-3.8502,7.2069,6.0164,6.3305
-0.9866,7.3902,-4.7567,-8.4532,-6.7603,-1.4474,-3.9705,-3.7650,-9.4637,-0.3724,1.9028
-3.1696,8.7606,6.2494,8.9201,-5.4465,-6.4459,7.7872,-9.4470,-9.3469,0.3373,-8.2709
-3.7499,11.1028,3.9642,8.6877,-6.4950,-6.1427,8.9924,-7.7836,-9.4905,0.6656,-8.0477
1.3101,-1.5695,5.3957,6.5716,-8.6292,-3.0097,-1.6058,0.7546,1.3228,0.6309,-3.6054
-3.3285,3.3055,-2.5730,-10.3530,-6.0187,-2.3282,-7.4158,-4.0177,7.4709,-4.0067,-3.3665
-0.6710,6.8305,0.8549,-4.1394,-1.6587,9.8945,-6.8193,-6.3326,4.6762,-2.9764,-0.5518
1.7803,-0.7119,7.2434,7.5371,-8.1955,-4.3778,-1.0352,3.3336,2.1797,0.9748,-2.9811
-0.9988,6.4752,-0.4433,-4.9207,-3.9038,10.0344,-4.9125,-5.0557,3.7830,-1.2344,0.3290
-2.5162,6.9206,1.0670,-4.6770,-2.6564,8.5397,-6.1189,-4.6385,4.2133,-1.5661,-1.8819
0.6754,-0.2033,5.9811,7.3511,-9.3915,-3.2098,-1.4050,2.5107,1.1716,0.7165,-1.2401
2.4452,-6.4018,-3.2851,1.8103,-9.2693,-6.9471,-7.2723,-2.9743,6.3654,8.0053,6.4334
-1.2425,6.6711,-5.5288,-8.9236,-7.9448,-0.8993,-3.2153,-4.2637,-11.0064,1.4798,4.0732
-0.9170,-7.6265,-7.2183,6.8156,-2.6382,-2.9750,5.5464,7.6021,6.0653,-1.8465,-1.5057
2.1820,0.1679,7.2674,6.0769,-8.4693,-4.2581,-2.6083,3.1290,2.9683,1.9910,-3.6261
-3.3521,5.8712,1.4302,-5.6562,-2.2084,8.2008,-5.1593,-5.6120,5.4011,-1.6861,-0.6743
-3.0714,-8.2124,-6.9440,3.5374,-3.2606,-2.5916,4.9047,6.4144,6.6282,-0.9283,-2.9570
-2.2666,2.4367,1.0835,-11.2078,-5.9528,-0.4371,-7.0809,-4.6774,9.2841,-5.0487,-6.0107
-2.3848,8.8195,-0.3766,-5.4395,-4.6159,8.1677,-6.1703,-4.4814,3.7284,-3.2137,-0.3521
-4.4911,4.2908,-1.0291,-8.5295,-5.9270,-2.1082,-9.3199,-5.4411,10.9172,-5.0284,-3.8183
-2.6027,7.3532,-4.2687,-8.6971,-7.2920,0.3262,-5.0637,-4.2523,-9.1013,1.8800,4.2263
-2.1307,-4.8501,-5.0588,5.4719,-1.8404,-1.4824,7.4688,5.9759,4.4664,-0.0987,-1.8599
-4.7062,3.3676,-3.4774,-10.3672,-7.7581,-1.4438,-8.9358,-4.2978,9.7481,-2.8385,-4.3266
4.3060,-9.0221,-2.7538,0.4842,-8.9230,-7.7507,-9.3363,-5.1835,8.0891,6.9173,8.0561
-6.0708,9.2428,5.8961,9.3130,-5.7879,-8.0084,7.2602,-8.6422,-8.6081,1.1916,-8.4737
-2.7620,-6.4803,-6.7307,5.1462,-2.9592,-2.5276,3.9042,7.6022,5.2912,-2.0898,-0.6908
-5.9191,8.6161,3.7856,11.2626,-6.9517,-7.2587,8.9596,-9.6813,-8.9816,1.6911,-7.7358
-1.9786,1.3729,-1.3737,-8.1024,-6.1498,-1.7790,-8.3614,-3.2880,7.7349,-5.5252,-4.7147
-3.6867,8.2440,5.1261,9.7895,-3.7790,-7.6267,7.3890,-7.8318,-7.4582,0.5920,-10.8267
3.9410,-8.7561,-5.6065,-0.9605,-8.8630,-6.6670,-7.9771,-3.1248,9.3770,6.5242,4.1539
-4.6530,8.4866,5.2673,8.8407,-7.0846,-8.6014,8.1644,-7.2842,-8.6371,-0.3120,-7.6391
-0.2519,7.4055,-3.4529,-8.7594,-8.7172,-0.1097,-2.9877,-5.3668,-9.8094,1.7566,4.2646
-0.6903,8.0694,-3.9180,-8.3367,-7.0745,-0.7017,-3.7894,-6.6133,-9.8767,2.2682,5.4875
3.8243,-9.1170,-6.0174,1.8872,-8.8048,-8.2132,-6.3716,-3.8936,7.6413,8.7997,4.6790
-0.4849,7.8571,-3.1007,-8.6914,-5.6810,-0.2366,-5.2498,-4.8574,-10.5432,1.6282,4.9318
-0.9727,4.7238,-0.5409,-4.9843,-3.5406,10.6474,-5.9683,-5.7962,4.7004,-3.5417,-1.8060
-0.8418,8.6063,-2.7789,-8.4973,-6.7458,-0.6771,-3.8460,-4.8215,-8.9949,2.8746,4.2512
-0.9314,7.6745,-0.7804,-3.8653,-2.5198,12.1138,-6.7315,-4.9339,1.8577,-3.7574,-0.1815
-3.1967,10.4221,6.7818,8.1402,-5.8022,-7.2376,6.4175,-8.4513,-8.1902,2.9957,-6.8893
-1.7375,3.4401,-1.8742,-9.5751,-5.2813,-2.5642,-7.2421,-3.6367,10.1816,-5.2427,-3.7139
1.0800,-0.5431,5.7816,6.7319,-7.9238,-4.5581,-1.1759,3.1626,3.6310,-0.3888,-4.7393
3.4701,-9.3139,-4.3649,-0.7535,-9.2722,-6.8734,-6.9111,-4.3324,8.2468,7.2855,6.6340
3.5022,0.2264,5.2214,5.2883,-9.3742,-4.9460,-2.3326,4.0217,3.0036,0.7392,-2.5640
-2.4363,-5.1449,-5.0791,4.1482,-2.5628,-0.8551,6.6165,6.8518,5.9033,-2.1587,-1.9199
-1.5113,7.7311,-7.1475,-8.7145,-7.2182,-0.1727,-4.4909,-3.4119,-9.5510,2.3624,3.4159
-3.7762,10.5359,5.4988,10.4799,-7.0461,-5.7889,8.6364,-7.9496,-9.8382,0.8210,-7.4407
-1.7793,7.0493,-0.6984,-4.0333,-2.9873,8.6550,-7.0662,-3.8042,4.3299,-4.3234,-0.3336
-2.9956,7.5176,-1.5897,-2.9750,-3.1367,8.5800,-7.1342,-4.5024,2.9382,-2.7535,-1.2250
-2.7056,-6.2618,-4.3907,5.4932,-2.2793,-2.5631,5.4323,7.8842,5.2352,-1.8571,-1.6166
4.8164,-5.3468,-5.3138,0.1188,-9.3636,-9.9123,-7.5584,-3.5495,8.0364,6.7423,4.9727
-1.7177,3.5081,-0.8733,-10.1411,-6.9179,-1.1475,-9.7085,-4.7896,7.4641,-3.8609,-5.7157
-1.7118,0.9503,-1.0049,-8.3086,-6.3377,-1.1409,-7.3330,-3.3379,9.5548,-5.7391,-4.4682
-3.5528,9.1778,3.9042,9.6315,-6.9871,-6.9990,8.2059,-8.3745,-8.0378,-0.4475,-7.4413
-1.6212,4.7199,-1.3404,-4.1435,-2.7821,10.5153,-5.7496,-6.4702,2.1981,-3.8053,-0.3839
-3.4896,4.1233,-0.7005,-9.9409,-6.5414,0.0645,-8.3805,-2.9707,7.1205,-4.5996,-2.5923
-0.8867,4.5011,-3.2844,-9.5274,-6.4619,-1.6095,-6.6482,-2.8395,9.2472,-5.4001,-4.7831
-2.5190,2.7340,-1.9645,-9.5769,-5.7577,-2.3215,-8.7611,-3.6165,8.2176,-3.1535,-4.5668
-3.6442,6.6097,1.9818,-2.9062,-2.4972,9.8471,-6.6073,-4.8357,3.1919,-1.3261,-1.2293
3.1027,-7.0816,-4.9392,-1.5865,-7.7019,-7.6304,-7.2830,-3.7456,8.8472,8.3007,4.9695
-0.7063,-7.7342,-5.4603,6.9542,-1.1125,-1.5076,5.5779,4.5621,4.7684,-3.0187,-1.3057
-3.3666,8.2628,-1.8074,-7.5773,-7.9147,-0.5004,-3.7431,-4.6733,-9.3289,-0.8569,4.2192
-0.0040,-1.6558,6.7551,5.9031,-9.5156,-3.1864,-0.9703,2.2037,1.7439,-0.4154,-3.1315
-2.8384,2.7384,-0.1928,-9.8095,-7.7101,-1.0949,-8.5357,-3.3878,8.6106,-6.0744,-4.8652
-0.2301,3.5780,-1.5767,-9.3641,-5.0644,-1.4882,-6.4288,-4.5010,7.0318,-4.6890,-3.2678
-0.6583,-0.5008,8.3272,6.4359,-7.7906,-3.1362,-0.2864,3.9609,3.3441,1.4448,-4.1853
-0.1710,7.0980,-4.3398,-8.7234,-8.8474,-1.5488,-4.7946,-3.6077,-8.9022,1.2459,3.4154
-5.4703,8.7476,4.5936,10.7882,-5.4478,-7.4769,9.0068,-7.8700,-9.3678,2.9182,-9.7583
-0.9776,2.8174,-2.6739,-7.8363,-6.1125,-0.2997,-10.1285,-3.1480,9.3656,-3.8777,-6.0252
2.9089,-9.0401,-4.1856,1.1420,-9.5585,-7.2919,-7.1424,-2.8705,7.0234,7.9987,5.1176
-1.5889,4.7096,-0.4741,-7.2448,-6.8706,-0.2362,-8.5728,-4.8237,9.9745,-4.5666,-5.7032
3.3291,-8.1332,-4.5307,-0.8037,-8.8897,-5.3743,-8.9920,-3.2046,8.1033,8.9129,4.5742
3.5853,-6.5031,-5.8857,0.2326,-9.3882,-7.8666,-7.1031,-3.1051,8.7278,5.9976,4.3679
-3.6455,2.8179,-2.2796,-10.3920,-6.5814,-1.9183,-8.9843,-5.4044,9.2307,-4.2420,-3.7694
0.0406,6.9266,-1.1085,-6.0856,-2.1235,10.9540,-6.4465,-3.8956,1.8673,-0.5551,1.3527
2.6177,-7.4058,-6.6925,1.9653,-9.3104,-9.5635,-7.1494,-4.5942,9.3706,6.4817,6.0913
-0.7531,-5.9575,-6.2796,4.8278,-3.6250,-3.7591,3.4887,7.0643,4.9256,-2.0541,-1.6758
-1.7603,3.1103,-2.0262,-8.8279,-6.9021,-2.2523,-9.2256,-3.5414,9.6992,-4.5492,-5.0993
2.5701,-8.4230,-4.5599,-0.4907,-8.6176,-10.5784,-7.5662,-5.7298,8.3137,6.1882,6.2500
-0.0948,3.0319,-2.9136,-7.4074,-6.2056,-0.8597,-8.9067,-4.7700,7.7301,-5.3534,-4.4720
-1.7392,5.9077,0.8313,-3.0133,-2.6194,8.7651,-7.9798,-5.1225,4.5629,-1.3963,-1.1342
3.5281,-8.2575,-5.9487,-0.9245,-7.8831,-8.1778,-8.5868,-4.3912,7.1256,6.3252,5.3138
-2.6627,3.7853,-2.9598,-8.3869,-7.6106,-0.3159,-8.4208,-3.0435,8.9089,-3.5926,-5.1508
-2.9712,6.7142,0.2270,-4.7403,-3.3281,9.1596,-6.8562,-6.4464,2.9395,-1.6787,-0.0434
0.1377,5.9656,-4.3263,-8.4385,-5.1824,0.9658,-2.3418,-3.7768,-8.1568,2.7670,5.2422
3.7270,-7.6059,-7.1911,-0.6046,-7.5070,-6.0262,-10.4186,-3.9008,8.4331,6.2862,4.5938
-4.9939,10.3133,5.2403,10.3380,-5.1529,-5.2855,7.8585,-8.0312,-10.4591,0.0018,-7.8656
-3.2595,2.9299,-2.0712,-10.8157,-5.4748,-1.0528,-7.7168,-5.1407,9.2515,-2.9791,-5.1443
-5.0911,8.8150,4.1197,11.1165,-6.1221,-6.8136,7.6326,-8.6705,-9.2685,-1.4810,-8.5621
-3.6381,2.8689,-1.3501,-8.5912,-7.0344,0.1309,-9.2420,-3.7872,8.0869,-4.5644,-5.3929
-0.6401,-6.3527,-5.2736,3.7614,-2.8584,-2.0438,5.3728,6.8413,3.9860,-1.8662,0.2472
-2.5696,2.0148,-2.3046,-9.6560,-5.1859,-0.8909,-8.0251,-4.2427,9.4070,-4.3410,-5.0305
-1.8998,-6.2962,-5.0927,4.9946,-2.6010,-4.4206,3.6686,7.7681,5.8306,-1.2039,-2.3909
1.3758,-1.1488,6.9690,6.9463,-7.1491,-4.0568,-0.5647,4.4338,1.3946,0.8013,-3.0106
-1.4298,-5.9832,-6.2160,6.1177,-2.3431,-5.1343,4.6510,7.6035,4.1972,-2.5100,-1.4435
3.8777,-8.7957,-4.6290,-1.9113,-9.7752,-7.4361,-8.8119,-3.5388,8.1632,6.0719,4.5335
-2.7952,8.7249,5.5224,9.3720,-5.3696,-6.6276,6.7107,-9.4480,-8.7679,0.8765,-8.5857
-2.2271,-7.8508,-7.3767,4.2144,-2.5672,-2.4237,6.4321,5.9856,5.2048,-1.3335,-0.9553
-0.9573,6.6437,0.9991,-3.9511,-2.8135,10.4283,-6.3548,-5.5638,1.9853,-0.8190,0.3371
-0.4924,0.3490,6.6291,6.4779,-10.8452,-4.0838,-2.9663,2.4063,4.1858,1.7151,-3.4546
-2.1079,3.6090,-0.8736,-10.1068,-5.1416,0.1049,-9.1521,-4.3015,8.9568,-4.6498,-3.2574
-0.6749,6.6065,-4.1685,-8.7926,-6.7923,-0.3892,-4.4548,-5.1695,-9.1025,1.3486,5.1642
2.0060,-2.8587,7.3336,7.6848,-9.6152,-4.4595,-1.1408,3.1319,3.2195,0.8989,-3.4094
2.9723,-8.2667,-5.5032,-0.5773,-10.1217,-8.7598,-6.1559,-3.8967,7.4966,7.6652,6.8043
