-5.1837,9.7155,6.2049
9.2899,-6.4242,-8.5247
9.6935,-5.3730,-8.8493
-6.7416,8.2424,5.8455
-4.7093,8.6399,5.2738
10.2999,-6.5676,-8.0134
-4.7074,9.1197,5.9429
9.5326,-5.5287,-7.7249
-5.0232,7.9103,3.8302
8.4554,-9.4291,-7.9818
-5.5753,7.8474,4.1311
-6.4047,10.7159,4.8474
7.4603,-8.5214,-8.0286
10.5086,-6.1559,-7.0605
9.0458,-6.6432,-7.6914
9.4627,-4.6730,-6.2580
9.8353,-4.9770,-5.7720
8.7610,-8.1400,-7.2310
8.8366,-8.2064,-7.5756
-3.1172,9.0573,5.2290
8.4339,-8.3206,-9.4594
10.0491,-7.0280,-7.6762
10.1613,-5.8082,-8.7267
8.2384,-9.1287,-8.4202
10.0331,-8.4065,-9.3300
7.9420,-7.6431,-8.0216
8.8395,-9.1170,-8.8486
7.5935,-8.5668,-8.7652
-5.4326,8.8447,6.0746
8.8047,-4.8271,-4.6642
9.6580,-7.5391,-8.0431
8.3521,-8.3812,-8.8250
8.5018,-9.0587,-7.0819
-3.7572,10.6310,6.3937
-4.9138,9.5004,2.8691
-2.8262,10.5918,3.2736
7.2049,-5.9204,-6.7271
9.8477,-7.3973,-8.1126
10.3474,-5.6614,-7.1765
-3.5474,9.3355,5.7180
-3.5325,8.3833,5.5863
9.6902,-4.8505,-7.8218
8.1657,-5.5500,-7.4639
-5.3119,9.6900,6.2633
9.2720,-4.1744,-6.8557
-5.0751,8.7712,4.6816
5.4304,-9.1963,-10.0313
11.3840,-5.3486,-9.4311
8.8405,-10.6743,-7.1918
10.0787,-6.0026,-7.3525
-4.6049,8.4035,4.1573
-2.9715,8.2958,4.1566
-4.7672,9.9825,5.8824
7.8619,-9.9053,-7.6207
10.8960,-6.2418,-7.1232
9.0131,-6.2538,-7.1899
6.8493,-7.8565,-8.7988
9.0663,-6.2927,-8.3619
-3.9946,8.5060,6.6355
8.2469,-7.7060,-8.2697
9.3262,-5.0909,-6.6755
11.7950,-6.2017,-8.0401
8.6390,-9.2102,-8.4827
9.7857,-6.2958,-7.9413
10.5265,-5.5860,-5.9233
-4.4335,8.0985,4.9280
11.2101,-5.3678,-6.5840
8.1602,-6.3711,-4.6970
8.4576,-9.0119,-8.7904
-5.6812,8.9990,6.3256
6.4175,-8.4513,-8.1902
10.5942,-5.0378,-7.4243
-3.0644,7.2776,6.1408
7.8586,-8.6739,-7.1905
7.6816,-9.1357,-8.8685
9.6283,-6.1478,-5.6214
7.7529,-7.9696,-8.5099
-3.7489,9.9334,4.2325
9.2239,-7.1195,-9.9456
9.9081,-6.1628,-9.0498
11.7766,-4.1439,-6.5844
9.5034,-7.3241,-7.7180
8.9265,-7.8198,-7.6067
9.3150,-9.1711,-8.5348
9.1819,-11.5719,-8.8118
9.9483,-5.9980,-7.1651
-2.4237,9.2939,4.7672
8.8016,-10.0840,-9.3141
10.6398,-6.6063,-5.9694
8.3744,-9.5615,-8.4201
-2.1481,10.1918,6.0663
8.0535,-9.3109,-9.7602
11.0563,-6.9497,-6.5539
8.7405,-9.1304,-8.8852
-3.8190,7.8899,5.3730
8.3926,-5.8864,-6.4904
10.5016,-7.9611,-8.1817
8.8271,-6.5248,-6.5526
8.9012,-9.6640,-8.6752
9.2492,-7.1749,-5.1885
9.9013,-6.0822,-6.3295
-4.7830,8.4560,6.3274
5.7927,-8.8933,-8.0453
-3.3961,10.1242,5.8782
-6.2744,9.4270,5.4329
-3.9949,9.4634,6.3647
-4.6992,9.5584,4.6762
8.5556,-5.1665,-7.0826
7.1178,-9.2855,-7.3744
7.5415,-6.4831,-8.7576
-5.6630,8.8656,4.5585
10.2563,-4.5760,-9.4578
8.7157,-8.4628,-7.9723
8.8422,-6.6962,-8.8246
7.8929,-8.6214,-8.8671
-2.4167,6.9556,6.3889
-6.2424,8.6011,4.0009
10.4681,-5.2555,-8.8099
8.9139,-5.2225,-5.4781
8.0385,-6.5952,-7.5836
7.9600,-9.2800,-9.3223
-2.6709,6.2151,5.7379
-3.1277,8.9961,6.0069
9.6731,-7.9360,-8.9152
-4.8376,8.3356,5.5051
6.9524,-7.0248,-9.0482
8.3136,-7.7026,-7.0324
-5.1009,9.1563,4.9366
6.9251,-8.9825,-9.1179
-4.8729,9.8517,5.9605
10.7818,-4.7478,-8.8457
8.8668,-6.8748,-6.8700
8.3183,-9.0182,-8.0600
-6.4786,9.3899,4.8008
-4.8963,7.6164,5.4331
9.9998,-10.3162,-8.1682
7.4989,-9.1659,-7.5064
9.4875,-8.2210,-9.0870
7.6490,-7.6807,-9.2769
8.7228,-9.2918,-9.0428
8.9924,-7.7836,-9.4905
11.0958,-6.0699,-8.7093
-4.8622,8.9601,7.0496
7.5136,-9.0914,-9.9767
-5.0071,8.6489,6.9624
-1.5999,8.6514,5.1640
-4.9741,10.0568,6.8641
8.4163,-5.9772,-8.1827
9.4342,-3.3539,-8.2924
8.3826,-9.3663,-8.5402
6.9591,-8.8671,-9.7119
8.3313,-9.1913,-8.9522
7.9518,-8.8323,-9.9137
10.0924,-5.1800,-7.6353
9.9421,-8.8958,-9.6774
7.9626,-7.3807,-8.0697
10.9154,-6.4932,-8.2603
9.6790,-5.6551,-6.6926
9.5222,-4.9973,-6.5044
8.7978,-11.3399,-8.1325
10.2108,-6.2813,-7.9651
-4.6786,9.6799,5.8274
-4.5685,7.2046,5.0188
8.8320,-8.5469,-8.8140
-4.9650,8.3458,6.0995
-5.1490,9.2544,6.9528
6.8158,-7.0761,-8.0567
6.7720,-8.0486,-7.8610
-4.0091,9.0400,5.1278
8.5449,-9.7195,-8.9062
10.8392,-6.6072,-7.3727
-3.2127,7.7548,5.7032
8.8936,-8.6116,-9.9954
-3.4666,8.1114,5.2454
9.3597,-7.5235,-6.7968
-3.9773,10.7093,5.3418
-2.4225,10.0343,5.1522
-4.2177,9.5293,5.2778
-5.2521,9.2106,5.6614
7.9617,-3.8976,-7.0772
9.3527,-7.7542,-6.6694
7.3580,-7.6870,-10.8593
7.7517,-7.5095,-8.2141
11.7536,-3.5603,-6.8784
8.0585,-4.7393,-7.7495
-3.2124,9.5618,7.9487
10.6998,-5.5721,-7.8061
10.4699,-6.5159,-7.3411
6.8809,-7.2481,-8.7787
9.3307,-5.1822,-6.9644
7.9824,-11.7623,-8.5504
10.1574,-5.8039,-7.4730
8.9248,-4.7859,-6.8728
8.1413,-8.7516,-6.7778
9.0998,-7.8356,-10.4615
9.6757,-8.6869,-8.4262
7.4540,-8.8986,-7.6004
-3.9325,8.7829,4.5529
-5.3579,8.6028,5.3194
-3.9257,8.8054,6.6701
7.6855,-6.9326,-8.8180
-5.1541,9.7958,6.8708
10.2112,-5.2573,-7.0930
-5.5112,9.5420,4.1788
-4.6265,9.0650,5.6046
6.7100,-8.7802,-6.9291
-3.9027,6.4173,7.5428
6.5702,-8.5927,-8.4693
-5.1646,9.4340,4.5644
-4.1875,8.9099,6.1506
-5.1218,8.0158,5.0659
10.3708,-5.2970,-6.9256
-4.1946,9.0412,4.7390
-4.9726,8.5864,5.3524
10.3590,-5.1357,-7.4489
-3.7262,9.5441,4.8094
9.1880,-9.3336,-7.5197
5.8041,-8.9487,-8.2806
11.0452,-6.5209,-5.4931
7.9383,-8.6202,-8.8795
10.5466,-6.4719,-7.4468
9.3994,-3.3757,-7.6671
10.3465,-4.4321,-7.7850
-4.0758,9.3489,6.0946
10.2933,-6.1715,-6.5348
-5.5847,8.5279,5.3930
8.5840,-8.6810,-8.3318
9.9029,-5.9317,-10.0961
11.0908,-4.4821,-11.1251
8.7206,-9.0222,-6.7363
-4.4553,8.7851,5.1125
8.9036,-7.8988,-8.2801
10.7109,-5.0758,-7.4440
-5.1334,9.9638,3.3317
-6.0469,10.3450,6.8575
-4.5927,8.9161,3.9833
9.2027,-6.0304,-6.4143
10.4031,-5.2817,-7.4946
-3.4862,8.0893,4.6580
10.3988,-4.3276,-7.0482
9.7827,-5.6648,-6.8291
-4.2760,9.9543,4.3521
10.2590,-4.9213,-8.1997
9.1330,-5.3740,-6.0143
9.9624,-9.3248,-7.5175
-5.2241,7.9725,7.1079
8.8193,-6.1168,-7.2095
6.9523,-8.9917,-8.8105
8.6564,-6.8790,-7.9395
7.9812,-8.3439,-8.8464
11.4614,-5.6364,-7.7304
7.1227,-6.8865,-7.9017
9.4475,-7.4633,-8.4202
-4.3304,10.8075,6.0051
10.2362,-7.2423,-6.4931
-3.6829,7.1964,4.5374
-2.9643,9.9067,5.2953
6.9692,-6.9758,-7.6634
-3.6473,8.3885,4.6921
9.3318,-5.3385,-7.7291
8.0879,-5.5625,-7.5532
9.9698,-6.4036,-6.9869
-3.8866,9.7318,5.3476
-3.2685,9.9464,3.7212
-2.6994,6.8972,5.3657
8.6565,-8.6097,-8.3915
11.4547,-5.2900,-6.9727
-4.1703,9.3785,5.9318
7.7695,-9.2075,-8.1029
6.3396,-9.4394,-8.8405
-3.6568,9.3452,5.7730
-3.9560,9.1415,5.5135
9.8528,-5.9529,-7.6183
9.7133,-7.9641,-8.0470
-4.0056,9.3089,6.1394
9.3851,-6.8915,-6.9272
8.7455,-7.2613,-9.5681
-5.5766,7.2851,7.7338
7.0365,-8.9652,-9.9706
-4.9030,10.0125,5.0769
8.4284,-5.9078,-7.1323
-4.5157,9.0061,6.3356
9.2617,-5.6864,-6.1263
-5.5827,10.4605,6.8330
5.6040,-8.3729,-6.9367
-2.8135,9.4321,6.0371
-3.6946,10.2607,5.8066
10.3448,-7.3485,-5.4341
7.4188,-9.6540,-8.9442
-5.1830,8.6483,5.5758
-4.5959,9.9769,7.0981
-3.7019,8.7128,4.6913
-4.2338,8.8097,5.5568
10.3125,-9.3773,-9.0349
-3.0707,9.0707,6.0105
9.5105,-8.7710,-9.6761
10.0566,-8.2374,-7.4044
9.7587,-6.6381,-8.4295
8.0616,-9.7777,-8.2307
7.7583,-5.2166,-4.7250
-4.2425,8.8776,3.5611
7.4919,-8.7662,-9.3901
-3.1634,10.0535,3.6525
-5.5695,10.3576,5.0508
8.3753,-7.1435,-8.9306
9.5880,-9.6970,-9.6064
10.2497,-8.9658,-8.4498
8.1836,-9.4503,-6.9051
-6.6167,9.9730,4.7399
8.2836,-8.9926,-8.0262
9.1560,-5.1089,-7.6983
-4.1326,7.7846,2.9396
9.9566,-4.7388,-6.4130
7.8342,-8.6032,-7.6174
-3.7483,10.3536,5.0509
10.5328,-4.8015,-7.5404
-3.1533,9.0547,4.6214
8.8076,-5.9632,-8.5549
10.1266,-5.7265,-7.2313
10.6116,-4.9727,-7.2800
-3.9265,9.3704,4.4616
7.7281,-5.0908,-7.0318
9.7042,-5.7472,-5.5405
-3.4325,7.5219,4.8602
-3.7586,9.6911,4.8703
-4.4050,8.7551,5.5639
9.7775,-6.8086,-9.8308
9.2638,-9.0991,-8.2024
-3.3428,8.4440,4.1282
7.1173,-8.6999,-9.3515
11.5818,-5.9990,-8.2099
8.7384,-9.5107,-8.9005
-5.6117,9.7509,5.0354
11.3876,-5.2107,-9.1500
7.3923,-10.9789,-8.8434
9.1214,-6.5451,-7.2320
8.3176,-11.1658,-7.9087
-4.5163,7.8014,5.2454
10.9970,-6.7317,-6.9087
-4.8694,9.1773,5.7543
-5.6140,8.4470,3.5686
-3.0386,9.9506,4.1783
11.5984,-4.4195,-7.2134
9.8036,-6.2989,-7.0457
8.4222,-7.8529,-8.3951
8.8967,-7.7417,-10.1627
8.4292,-7.9623,-7.2078
-5.7272,8.3837,5.8586
8.4429,-7.0601,-8.7701
-4.1282,8.8629,5.2328
7.6894,-7.9336,-8.8124
7.9829,-9.1453,-8.2083
9.9661,-6.2967,-8.9943
-4.5531,8.9371,4.9473
7.3494,-8.1318,-6.9644
10.2121,-4.6307,-6.8153
7.6562,-8.0807,-8.3628
8.3019,-9.6203,-8.1396
8.6847,-5.8136,-6.2638
-4.3268,11.0821,5.0990
-5.2721,8.0496,4.4947
-3.5632,11.2149,5.4805
8.5602,-8.0361,-8.0922
9.6669,-6.3705,-6.9481
9.7758,-6.9475,-6.3620
7.1980,-8.4902,-7.8711
8.0883,-5.1781,-7.9991
8.4584,-5.6928,-5.4584
8.6082,-8.4603,-8.2230
7.6682,-10.2542,-8.7505
10.5512,-9.5028,-10.6079
7.9870,-7.0849,-8.1140
-4.8831,9.1181,4.2001
8.9674,-5.1551,-8.6945
11.0047,-4.2758,-8.1848
-4.9122,9.3978,7.7010
10.7063,-6.6530,-6.3422
10.3055,-6.9530,-8.4165
7.0857,-8.4710,-8.2590
8.8630,-3.7892,-8.8079
8.2509,-8.7583,-9.9445
9.6137,-9.3778,-8.1407
9.4315,-4.0256,-7.9223
7.0989,-9.2144,-9.1482
8.5780,-7.2280,-6.2027
-4.2407,10.0264,5.7552
9.1291,-8.4009,-6.8783
9.4454,-5.1312,-7.2515
9.9407,-5.6213,-6.8018
9.5120,-5.6739,-7.0308
9.4808,-8.9927,-9.5330
8.3648,-6.1156,-6.3391
9.8849,-6.7298,-6.5117
9.6552,-5.1086,-7.0543
8.6965,-6.6866,-9.9354
8.7216,-9.2985,-6.9375
-2.6055,8.9749,6.2394
-3.5951,11.1383,5.0973
7.3142,-10.2085,-10.2594
-3.5544,8.1971,5.1322
-6.0199,9.9098,4.9495
-3.3978,9.3215,4.7266
11.3427,-6.8265,-7.6187
8.7110,-9.9462,-9.0192
8.4848,-7.7913,-10.2668
9.9094,-5.8087,-9.8869
8.4090,-8.5209,-8.2787
-5.1760,7.9645,6.0479
8.7568,-7.9931,-10.4022
7.5793,-9.1916,-8.6728
8.2059,-8.3745,-8.0378
11.2653,-5.1068,-7.0489
10.2815,-5.5033,-9.1456
-4.1456,7.5833,5.1578
8.8852,-6.1378,-7.8275
8.2553,-5.2729,-5.9463
6.3801,-9.6084,-9.4610
-5.4958,9.5486,5.3176
-4.1475,9.5757,3.6981
8.6783,-7.2806,-6.5220
6.9634,-8.4544,-8.0797
-4.6835,9.8354,3.4734
7.9253,-8.8129,-8.2725
8.3150,-5.3044,-7.6363
10.3808,-4.4935,-8.1344
9.2132,-3.8237,-4.9712
6.5701,-8.0389,-7.5219
11.6156,-7.7513,-6.5057
10.0620,-4.7687,-7.5793
9.9672,-5.0198,-5.7414
-2.4130,6.9616,2.9713
-3.4745,5.8701,5.0828
-2.7909,7.7634,4.9616
9.8300,-5.0942,-8.4711
7.4824,-6.4128,-6.9595
-3.5449,9.0395,5.8374
6.9195,-9.9670,-8.4964
7.9195,-10.2698,-7.9885
9.2321,-8.5986,-9.0366
9.1359,-9.9729,-8.8674
-5.4584,9.9362,4.7193
-4.4458,8.7809,5.8082
-3.4276,9.2084,7.1305
-2.0877,10.4923,3.3354
8.8615,-9.3716,-8.9451
7.7454,-8.2879,-7.9341
11.0442,-6.2477,-6.3333
-2.9992,7.1566,3.7713
10.2925,-7.3045,-8.8088
-3.0995,9.3370,5.6753
8.2251,-8.0455,-10.4074
8.7404,-9.9595,-10.0811
-4.5278,9.5508,5.9231
10.6523,-6.3856,-8.5551
6.7375,-7.0452,-8.9762
8.4230,-9.2545,-8.2512
-1.9838,8.6135,5.8526
7.1658,-7.6659,-8.1322
9.0541,-5.3339,-5.8878
7.9623,-8.4629,-9.8223
9.2497,-7.3672,-7.1178
9.4507,-7.4940,-8.3156
-5.1128,9.1842,4.8794
-4.0937,9.1271,5.7865
-4.1592,10.5174,7.0170
-1.2356,9.2245,4.9827
-3.4565,8.2685,3.8472
-2.8451,9.5980,5.1537
-6.5312,8.5630,5.6597
8.8338,-6.3369,-7.1993
-4.8647,8.9094,6.0093
9.5915,-5.0221,-8.9589
7.1435,-9.3476,-8.5494
-5.3115,7.7524,6.7519
10.2271,-5.6700,-6.5115
-5.6679,7.8357,6.8735
9.1470,-5.2125,-7.8067
7.8463,-6.2797,-6.4728
-4.7898,9.5976,5.5239
7.8588,-9.4332,-9.2972
9.3966,-5.6933,-7.1574
-4.3481,7.6009,5.0861
-6.5663,8.7128,3.6696
-3.2083,10.1297,4.9737
-4.6312,9.0717,6.0326
9.1159,-6.9071,-8.9463
6.8328,-8.8045,-8.0364
10.6604,-4.9656,-5.9080
10.6590,-5.3370,-7.5085
-5.8088,8.2625,5.8913
9.3731,-7.7582,-7.0475
10.3279,-3.9413,-9.2940
8.6155,-9.1621,-8.5366
7.8831,-5.4000,-6.5369
-5.8996,10.6873,4.2912
11.1576,-5.8890,-5.9660
8.6207,-9.7873,-8.0050
9.3611,-5.4693,-7.0028
10.0514,-4.6269,-7.5554
9.1066,-9.3206,-8.4140
